7.990326608840949	4.180252152283633
7.9903789621215315	4.180631786873403
7.990431315402114	4.181011421463173
7.990483668682696	4.181391056052942
7.990536021963279	4.181770690642712
7.990588375243862	4.182150325232482
7.990640728524444	4.182529959822252
7.990693081805027	4.1829095944120205
7.990745435085609	4.18328922900179
7.990797788366192	4.18366886359156
7.990850141646774	4.18404849818133
7.990902494927357	4.1844281327710995
7.99095484820794	4.184807767360869
7.991007201488522	4.185187401950639
7.991059554769104	4.185567036540409
7.991111908049687	4.1859466711301785
7.99116426133027	4.186326305719948
7.9912166146108525	4.186705940309718
7.991268967891435	4.187085574899488
7.991321321172017	4.1874652094892575
7.9913736744526	4.187844844079026
7.991426027733183	4.188224478668796
7.991478381013765	4.188604113258566
7.991530734294348	4.188983747848336
7.99158308757493	4.189363382438105
7.991635440855513	4.189743017027875
7.991687794136095	4.190122651617645
7.991740147416678	4.190502286207415
7.991792500697261	4.190881920797184
7.991844853977843	4.191261555386954
7.991897207258425	4.191641189976724
7.991949560539008	4.192020824566494
7.992001913819591	4.192400459156263
7.9920542671001735	4.192780093746032
7.992106620380755	4.193159728335802
7.992158973661338	4.193539362925572
7.992211326941921	4.1939189975153415
7.9922636802225036	4.194298632105111
7.992316033503086	4.194678266694881
7.992368386783668	4.195057901284651
7.992420740064251	4.1954375358744205
7.992473093344834	4.19581717046419
7.992525446625416	4.19619680505396
7.992577799905999	4.19657643964373
7.992630153186581	4.1969560742334995
7.992682506467164	4.197335708823269
7.992734859747746	4.197715343413038
7.992787213028329	4.198094978002808
7.992839566308912	4.198474612592578
7.992891919589494	4.198854247182347
7.992944272870076	4.199233881772117
7.992996626150659	4.199613516361887
7.993048979431242	4.199993150951657
7.9931013327118245	4.200372785541426
7.993153685992407	4.200752420131196
7.993206039272989	4.201132054720966
7.993258392553572	4.201511689310736
7.993310745834155	4.201891323900505
7.993363099114737	4.202270958490275
7.99341545239532	4.202650593080045
7.993467805675902	4.203030227669814
7.993520158956485	4.2034098622595835
7.993572512237067	4.203789496849353
7.99362486551765	4.204169131439123
7.993677218798233	4.204548766028893
7.993729572078815	4.2049284006186625
7.993781925359397	4.205308035208432
7.99383427863998	4.205687669798202
7.993886631920563	4.206067304387972
7.9939389852011455	4.2064469389777415
7.993991338481727	4.206826573567511
7.99404369176231	4.207206208157281
7.994096045042893	4.207585842747051
7.994148398323476	4.20796547733682
7.994200751604058	4.208345111926589
7.99425310488464	4.208724746516359
7.994305458165223	4.209104381106129
7.994357811445806	4.209484015695899
7.994410164726388	4.209863650285668
7.994462518006971	4.210243284875438
7.994514871287553	4.210622919465208
7.994567224568136	4.211002554054978
7.994619577848718	4.211382188644747
7.994671931129301	4.211761823234517
7.994724284409884	4.212141457824287
7.994776637690466	4.212521092414057
7.994828990971048	4.2129007270038255
7.994881344251631	4.213280361593595
7.994933697532214	4.213659996183365
7.994986050812797	4.214039630773135
7.995038404093379	4.2144192653629045
7.995090757373961	4.214798899952674
7.995143110654544	4.215178534542444
7.995195463935127	4.215558169132214
7.995247817215709	4.2159378037219835
7.995300170496292	4.216317438311753
7.995352523776874	4.216697072901523
7.995404877057457	4.217076707491293
7.995457230338039	4.2174563420810625
7.995509583618622	4.217835976670831
7.995561936899205	4.218215611260601
7.995614290179787	4.218595245850371
7.995666643460369	4.218974880440141
7.995718996740952	4.21935451502991
7.995771350021535	4.21973414961968
7.995823703302118	4.22011378420945
7.995876056582699	4.22049341879922
7.995928409863282	4.220873053388989
7.995980763143865	4.221252687978759
7.996033116424448	4.221632322568529
7.99608546970503	4.222011957158299
7.996137822985612	4.222391591748068
7.996190176266195	4.222771226337837
7.996242529546778	4.223150860927607
7.99629488282736	4.223530495517377
7.996347236107943	4.223910130107146
7.996399589388525	4.224289764696916
7.996451942669108	4.224669399286686
7.99650429594969	4.225049033876456
7.996556649230273	4.2254286684662254
7.996609002510856	4.225808303055995
7.996661355791438	4.226187937645765
7.99671370907202	4.226567572235535
7.996766062352603	4.2269472068253044
7.996818415633186	4.227326841415074
7.996870768913769	4.227706476004843
7.996923122194351	4.228086110594613
7.996975475474933	4.228465745184383
7.997027828755516	4.228845379774152
7.997080182036099	4.229225014363922
7.997132535316681	4.229604648953692
7.997184888597264	4.229984283543462
7.997237241877846	4.230363918133231
7.997289595158429	4.230743552723001
7.997341948439011	4.231123187312771
7.997394301719594	4.231502821902541
7.997446655000177	4.23188245649231
7.997499008280759	4.23226209108208
7.997551361561341	4.232641725671849
7.997603714841924	4.233021360261619
7.997656068122507	4.233400994851388
7.99770842140309	4.233780629441158
7.997760774683671	4.234160264030928
7.997813127964254	4.234539898620698
7.997865481244837	4.234919533210467
7.99791783452542	4.235299167800237
7.997970187806002	4.235678802390007
7.998022541086584	4.236058436979777
7.998074894367167	4.236438071569546
7.99812724764775	4.236817706159316
7.998179600928332	4.237197340749086
7.998231954208915	4.237576975338856
7.998284307489497	4.2379566099286246
7.99833666077008	4.238336244518394
7.998389014050662	4.238715879108164
7.998441367331245	4.239095513697934
7.998493720611828	4.2394751482877036
7.99854607389241	4.239854782877473
7.998598427172992	4.240234417467243
7.998650780453575	4.240614052057013
7.998703133734158	4.240993686646783
7.998755487014741	4.241373321236552
7.998807840295323	4.241752955826322
7.998860193575905	4.242132590416092
7.998912546856488	4.242512225005862
7.998964900137071	4.24289185959563
7.999017253417653	4.2432714941854
7.999069606698236	4.24365112877517
7.999121959978818	4.24403076336494
7.999174313259401	4.244410397954709
7.999226666539983	4.244790032544479
7.999279019820566	4.245169667134249
7.999331373101149	4.245549301724019
7.999383726381731	4.245928936313788
7.999436079662313	4.246308570903558
7.999488432942896	4.246688205493328
7.999540786223479	4.247067840083098
7.999593139504062	4.247447474672867
7.999645492784643	4.247827109262636
7.999697846065226	4.248206743852406
7.999750199345809	4.248586378442176
7.999802552626392	4.2489660130319455
7.999854905906974	4.249345647621715
7.999907259187556	4.249725282211485
7.999959612468139	4.250104916801255
8.000011965748723	4.2504845513910245
8.000064319029304	4.250864185980794
8.000116672309886	4.251243820570564
8.00016902559047	4.251623455160334
8.000221378871052	4.2520030897501035
8.000273732151635	4.252382724339873
8.000326085432217	4.252762358929642
8.000378438712799	4.253141993519412
8.000430791993383	4.253521628109182
8.000483145273964	4.253901262698951
8.000535498554548	4.254280897288721
8.00058785183513	4.254660531878491
8.000640205115712	4.255040166468261
8.000692558396295	4.25541980105803
8.000744911676877	4.2557994356478
8.00079726495746	4.25617907023757
8.000849618238043	4.25655870482734
8.000901971518624	4.256938339417109
8.000954324799208	4.257317974006879
8.00100667807979	4.257697608596648
8.001059031360374	4.258077243186418
8.001111384640955	4.2584568777761875
8.001163737921537	4.258836512365957
8.00121609120212	4.259216146955727
8.001268444482703	4.259595781545497
8.001320797763286	4.2599754161352665
8.001373151043868	4.260355050725036
8.00142550432445	4.260734685314806
8.001477857605034	4.261114319904576
8.001530210885615	4.2614939544943455
8.001582564166199	4.261873589084115
8.001634917446781	4.262253223673885
8.001687270727363	4.262632858263654
8.001739624007946	4.263012492853424
8.001791977288528	4.263392127443193
8.001844330569112	4.263771762032963
8.001896683849694	4.264151396622733
8.001949037130275	4.264531031212503
8.00200139041086	4.264910665802272
8.002053743691441	4.265290300392042
8.002106096972025	4.265669934981812
8.002158450252606	4.266049569571582
8.002210803533188	4.266429204161351
8.002263156813772	4.266808838751121
8.002315510094354	4.267188473340891
8.002367863374937	4.26756810793066
8.00242021665552	4.2679477425204295
8.002472569936101	4.268327377110199
8.002524923216685	4.268707011699969
8.002577276497266	4.269086646289739
8.00262962977785	4.2694662808795085
8.002681983058432	4.269845915469278
8.002734336339014	4.270225550059048
8.002786689619597	4.270605184648818
8.00283904290018	4.2709848192385875
8.002891396180763	4.271364453828357
8.002943749461345	4.271744088418127
8.002996102741927	4.272123723007897
8.00304845602251	4.272503357597666
8.003100809303092	4.272882992187435
8.003153162583676	4.273262626777205
8.003205515864257	4.273642261366975
8.00325786914484	4.274021895956745
8.003310222425423	4.274401530546514
8.003362575706005	4.274781165136284
8.003414928986588	4.275160799726054
8.00346728226717	4.275540434315824
8.003519635547754	4.275920068905593
8.003571988828336	4.276299703495363
8.003624342108917	4.276679338085133
8.003676695389501	4.277058972674903
8.003729048670083	4.277438607264672
8.003781401950667	4.277818241854441
8.003833755231248	4.278197876444211
8.00388610851183	4.278577511033981
8.003938461792414	4.2789571456237505
8.003990815072996	4.27933678021352
8.00404316835358	4.27971641480329
8.004095521634161	4.28009604939306
8.004147874914743	4.2804756839828295
8.004200228195327	4.280855318572599
8.004252581475908	4.281234953162369
8.004304934756492	4.281614587752139
8.004357288037074	4.2819942223419085
8.004409641317656	4.282373856931678
8.00446199459824	4.282753491521447
8.004514347878821	4.283133126111217
8.004566701159405	4.283512760700987
8.004619054439987	4.283892395290756
8.004671407720569	4.284272029880526
8.004723761001152	4.284651664470296
8.004776114281734	4.285031299060066
8.004828467562318	4.285410933649835
8.0048808208429	4.285790568239605
8.004933174123481	4.286170202829375
8.004985527404065	4.286549837419145
8.005037880684647	4.286929472008914
8.00509023396523	4.287309106598684
8.005142587245812	4.287688741188453
8.005194940526394	4.288068375778223
8.005247293806978	4.2884480103679925
8.00529964708756	4.288827644957762
8.005352000368143	4.289207279547532
8.005404353648725	4.289586914137302
8.005456706929307	4.2899665487270715
8.00550906020989	4.290346183316841
8.005561413490472	4.290725817906611
8.005613766771056	4.291105452496381
8.005666120051638	4.2914850870861505
8.00571847333222	4.29186472167592
8.005770826612803	4.29224435626569
8.005823179893385	4.292623990855459
8.005875533173969	4.293003625445229
8.00592788645455	4.293383260034998
8.005980239735132	4.293762894624768
8.006032593015716	4.294142529214538
8.006084946296298	4.294522163804308
8.006137299576881	4.294901798394077
8.006189652857463	4.295281432983847
8.006242006138045	4.295661067573617
8.006294359418629	4.296040702163387
8.00634671269921	4.296420336753156
8.006399065979794	4.296799971342926
8.006451419260376	4.297179605932696
8.006503772540958	4.297559240522465
8.006556125821541	4.2979388751122345
8.006608479102123	4.298318509702004
8.006660832382707	4.298698144291774
8.006713185663289	4.299077778881544
8.00676553894387	4.2994574134713135
8.006817892224454	4.299837048061083
8.006870245505036	4.300216682650853
8.00692259878562	4.300596317240623
8.006974952066201	4.3009759518303925
8.007027305346783	4.301355586420162
8.007079658627367	4.301735221009932
8.007132011907949	4.302114855599702
8.007184365188532	4.302494490189471
8.007236718469114	4.30287412477924
8.007289071749698	4.30325375936901
8.00734142503028	4.30363339395878
8.007393778310862	4.30401302854855
8.007446131591445	4.304392663138319
8.007498484872027	4.304772297728089
8.00755083815261	4.305151932317859
8.007603191433192	4.305531566907629
8.007655544713774	4.305911201497398
8.007707897994358	4.306290836087168
8.00776025127494	4.306670470676938
8.007812604555523	4.307050105266708
8.007864957836105	4.3074297398564765
8.007917311116687	4.307809374446246
8.00796966439727	4.308189009036016
8.008022017677852	4.308568643625786
8.008074370958436	4.3089482782155555
8.008126724239018	4.309327912805325
8.0081790775196	4.309707547395095
8.008231430800183	4.310087181984865
8.008283784080765	4.3104668165746345
8.008336137361349	4.310846451164404
8.00838849064193	4.311226085754174
8.008440843922513	4.311605720343944
8.008493197203096	4.3119853549337135
8.008545550483678	4.312364989523482
8.008597903764262	4.312744624113252
8.008650257044843	4.313124258703022
8.008702610325425	4.313503893292792
8.008754963606009	4.313883527882561
8.00880731688659	4.314263162472331
8.008859670167174	4.314642797062101
8.008912023447756	4.315022431651871
8.008964376728338	4.31540206624164
8.009016730008922	4.31578170083141
8.009069083289504	4.31616133542118
8.009121436570087	4.31654097001095
8.009173789850669	4.316920604600719
8.00922614313125	4.317300239190489
8.009278496411834	4.317679873780258
8.009330849692416	4.318059508370028
8.009383202973	4.3184391429597975
8.009435556253582	4.318818777549567
8.009487909534164	4.319198412139337
8.009540262814747	4.319578046729107
8.009592616095329	4.3199576813188765
8.009644969375913	4.320337315908646
8.009697322656494	4.320716950498416
8.009749675937076	4.321096585088186
8.00980202921766	4.3214762196779555
8.009854382498242	4.321855854267725
8.009906735778825	4.322235488857495
8.009959089059407	4.322615123447264
8.010011442339989	4.322994758037034
8.010063795620573	4.323374392626803
8.010116148901155	4.323754027216573
8.010168502181738	4.324133661806343
8.01022085546232	4.324513296396113
8.010273208742902	4.324892930985882
8.010325562023485	4.325272565575652
8.010377915304067	4.325652200165422
8.010430268584651	4.326031834755192
8.010482621865233	4.326411469344961
8.010534975145815	4.326791103934731
8.010587328426398	4.327170738524501
8.01063968170698	4.32755037311427
8.010692034987564	4.3279300077040395
8.010744388268145	4.328309642293809
8.010796741548727	4.328689276883579
8.010849094829311	4.329068911473349
8.010901448109893	4.3294485460631185
8.010953801390476	4.329828180652888
8.011006154671058	4.330207815242658
8.011058507951642	4.330587449832428
8.011110861232224	4.3309670844221975
8.011163214512806	4.331346719011967
8.01121556779339	4.331726353601737
8.011267921073971	4.332105988191507
8.011320274354555	4.332485622781276
8.011372627635136	4.332865257371045
8.011424980915718	4.333244891960815
8.011477334196302	4.333624526550585
8.011529687476884	4.334004161140355
8.011582040757467	4.334383795730124
8.01163439403805	4.334763430319894
8.011686747318631	4.335143064909664
8.011739100599215	4.335522699499434
8.011791453879797	4.335902334089203
8.01184380716038	4.336281968678973
8.011896160440962	4.336661603268743
8.011948513721544	4.337041237858513
8.012000867002127	4.3374208724482815
8.01205322028271	4.337800507038051
8.012105573563293	4.338180141627821
8.012157926843875	4.338559776217591
8.012210280124457	4.3389394108073605
8.01226263340504	4.33931904539713
8.012314986685622	4.3396986799869
8.012367339966206	4.34007831457667
8.012419693246787	4.3404579491664395
8.01247204652737	4.340837583756209
8.012524399807953	4.341217218345979
8.012576753088535	4.341596852935749
8.012629106369118	4.3419764875255185
8.0126814596497	4.342356122115287
8.012733812930282	4.342735756705057
8.012786166210866	4.343115391294827
8.012838519491448	4.343495025884597
8.012890872772031	4.343874660474366
8.012943226052613	4.344254295064136
8.012995579333195	4.344633929653906
8.013047932613778	4.345013564243676
8.01310028589436	4.345393198833445
8.013152639174944	4.345772833423215
8.013204992455526	4.346152468012985
8.013257345736108	4.346532102602755
8.013309699016691	4.346911737192524
8.013362052297273	4.347291371782293
8.013414405577857	4.347671006372063
8.013466758858439	4.348050640961833
8.01351911213902	4.348430275551602
8.013571465419604	4.348809910141372
8.013623818700186	4.349189544731142
8.01367617198077	4.349569179320912
8.013728525261351	4.3499488139106814
8.013780878541933	4.350328448500451
8.013833231822517	4.350708083090221
8.013885585103099	4.351087717679991
8.013937938383682	4.3514673522697604
8.013990291664264	4.35184698685953
8.014042644944846	4.3522266214493
8.01409499822543	4.352606256039069
8.014147351506011	4.352985890628839
8.014199704786595	4.353365525218608
8.014252058067177	4.353745159808378
8.014304411347759	4.354124794398148
8.014356764628342	4.354504428987918
8.014409117908924	4.354884063577687
8.014461471189508	4.355263698167457
8.01451382447009	4.355643332757227
8.014566177750671	4.356022967346997
8.014618531031255	4.356402601936766
8.014670884311837	4.356782236526536
8.01472323759242	4.357161871116306
8.014775590873002	4.357541505706075
8.014827944153586	4.357921140295844
8.014880297434168	4.358300774885614
8.01493265071475	4.358680409475384
8.014985003995333	4.359060044065154
8.015037357275915	4.359439678654923
8.015089710556499	4.359819313244693
8.01514206383708	4.360198947834463
8.015194417117662	4.360578582424233
8.015246770398246	4.360958217014002
8.015299123678828	4.361337851603772
8.015351476959411	4.361717486193542
8.015403830239993	4.362097120783312
8.015456183520575	4.3624767553730806
8.015508536801159	4.36285638996285
8.01556089008174	4.36323602455262
8.015613243362324	4.36361565914239
8.015665596642906	4.3639952937321596
8.015717949923488	4.364374928321929
8.015770303204071	4.364754562911699
8.015822656484653	4.365134197501469
8.015875009765237	4.3655138320912386
8.015927363045819	4.365893466681008
8.0159797163264	4.366273101270778
8.016032069606984	4.366652735860548
8.016084422887566	4.367032370450318
8.01613677616815	4.367412005040086
8.016189129448732	4.367791639629856
8.016241482729313	4.368171274219626
8.016293836009897	4.368550908809396
8.016346189290479	4.368930543399165
8.016398542571062	4.369310177988935
8.016450895851644	4.369689812578705
