2.388988937615813	0.9322967744103257
2.3909832857644857	0.934382696503965
2.392977633913159	0.9364686185976043
2.394971982061832	0.9385545406912437
2.396966330210505	0.940640462784883
2.398960678359178	0.9427263848785223
2.400955026507851	0.9448123069721616
2.402949374656524	0.9468982290658009
2.4049437228051973	0.9489841511594402
2.40693807095387	0.9510700732530796
2.4089324191025434	0.9531559953467189
2.4109267672512162	0.9552419174403582
2.4129211153998895	0.9573278395339976
2.4149154635485623	0.9594137616276369
2.416909811697235	0.9614996837212763
2.4189041598459085	0.9635856058149156
2.4208985079945813	0.9656715279085549
2.4228928561432546	0.9677574500021943
2.4248872042919274	0.9698433720958335
2.4268815524406007	0.9719292941894728
2.4288759005892735	0.9740152162831122
2.4308702487379468	0.9761011383767515
2.4328645968866196	0.9781870604703908
2.434858945035293	0.9802729825640302
2.4368532931839657	0.9823589046576695
2.438847641332639	0.9844448267513088
2.440841989481312	0.9865307488449482
2.4428363376299846	0.9886166709385875
2.444830685778658	0.9907025930322269
2.4468250339273308	0.9927885151258661
2.448819382076004	0.9948744372195054
2.450813730224677	0.9969603593131448
2.45280807837335	0.9990462814067841
2.454802426522023	1.0011322035004235
2.4567967746706962	1.0032181255940629
2.458791122819369	1.005304047687702
2.4607854709680423	1.0073899697813413
2.462779819116715	1.0094758918749807
2.4647741672653884	1.01156181396862
2.4667685154140613	1.0136477360622593
2.4687628635627346	1.0157336581558987
2.4707572117114074	1.017819580249538
2.47275155986008	1.0199055023431773
2.4747459080087535	1.0219914244368167
2.4767402561574263	1.024077346530456
2.4787346043060996	1.0261632686240953
2.4807289524547724	1.0282491907177347
2.4827233006034457	1.030335112811374
2.4847176487521185	1.0324210349050134
2.486711996900792	1.0345069569986527
2.4887063450494646	1.036592879092292
2.490700693198138	1.0386788011859314
2.4926950413468107	1.0407647232795707
2.494689389495484	1.04285064537321
2.496683737644157	1.0449365674668494
2.4986780857928297	1.0470224895604887
2.500672433941503	1.049108411654128
2.502666782090176	1.0511943337477672
2.504661130238849	1.0532802558414065
2.506655478387522	1.0553661779350458
2.508649826536195	1.0574521000286852
2.510644174684868	1.0595380221223245
2.5126385228335413	1.0616239442159638
2.514632870982214	1.0637098663096032
2.5166272191308874	1.0657957884032425
2.51862156727956	1.0678817104968819
2.5206159154282335	1.0699676325905212
2.5226102635769063	1.0720535546841605
2.524604611725579	1.0741394767777999
2.5265989598742524	1.0762253988714392
2.5285933080229253	1.0783113209650785
2.5305876561715985	1.0803972430587179
2.5325820043202714	1.0824831651523572
2.5345763524689446	1.0845690872459965
2.5365707006176175	1.0866550093396359
2.5385650487662907	1.0887409314332752
2.5405593969149636	1.0908268535269146
2.542553745063637	1.092912775620554
2.5445480932123097	1.0949986977141932
2.546542441360983	1.0970846198078326
2.548536789509656	1.0991705419014717
2.5505311376583286	1.101256463995111
2.552525485807002	1.1033423860887503
2.5545198339556747	1.1054283081823897
2.556514182104348	1.107514230276029
2.558508530253021	1.1096001523696684
2.560502878401694	1.1116860744633077
2.562497226550367	1.113771996556947
2.56449157469904	1.1158579186505864
2.566485922847713	1.1179438407442257
2.5684802709963863	1.120029762837865
2.570474619145059	1.1221156849315044
2.5724689672937324	1.1242016070251437
2.5744633154424053	1.126287529118783
2.5764576635910785	1.1283734512124224
2.5784520117397514	1.1304593733060617
2.580446359888424	1.132545295399701
2.5824407080370975	1.1346312174933404
2.5844350561857703	1.1367171395869797
2.5864294043344436	1.138803061680619
2.5884237524831164	1.1408889837742584
2.5904181006317897	1.1429749058678977
2.5924124487804625	1.145060827961537
2.594406796929136	1.1471467500551762
2.5964011450778086	1.1492326721488155
2.598395493226482	1.1513185942424549
2.6003898413751547	1.1534045163360942
2.602384189523828	1.1554904384297335
2.604378537672501	1.1575763605233729
2.6063728858211737	1.1596622826170122
2.608367233969847	1.1617482047106515
2.6103615821185198	1.1638341268042909
2.612355930267193	1.1659200488979302
2.614350278415866	1.1680059709915696
2.616344626564539	1.170091893085209
2.618338974713212	1.1721778151788482
2.6203333228618853	1.1742637372724876
2.622327671010558	1.176349659366127
2.6243220191592314	1.1784355814597662
2.626316367307904	1.1805215035534056
2.6283107154565775	1.182607425647045
2.6303050636052503	1.1846933477406842
2.632299411753923	1.1867792698343236
2.6342937599025964	1.188865191927963
2.6362881080512692	1.1909511140216023
2.6382824561999425	1.1930370361152414
2.6402768043486153	1.1951229582088807
2.6422711524972886	1.19720888030252
2.6442655006459614	1.1992948023961594
2.6462598487946347	1.2013807244897987
2.6482541969433075	1.203466646583438
2.650248545091981	1.2055525686770774
2.6522428932406537	1.2076384907707167
2.654237241389327	1.209724412864356
2.6562315895379998	1.2118103349579954
2.6582259376866726	1.2138962570516347
2.660220285835346	1.215982179145274
2.6622146339840187	1.2180681012389134
2.664208982132692	1.2201540233325527
2.666203330281365	1.222239945426192
2.668197678430038	1.2243258675198314
2.670192026578711	1.2264117896134707
2.672186374727384	1.22849771170711
2.674180722876057	1.2305836338007494
2.6761750710247303	1.2326695558943888
2.678169419173403	1.234755477988028
2.6801637673220764	1.2368414000816674
2.6821581154707492	1.2389273221753068
2.6841524636194225	1.2410132442689459
2.6861468117680953	1.2430991663625852
2.688141159916768	1.2451850884562246
2.6901355080654414	1.247271010549864
2.6921298562141143	1.2493569326435032
2.6941242043627875	1.2514428547371426
2.6961185525114604	1.253528776830782
2.6981129006601337	1.2556146989244212
2.7001072488088065	1.2577006210180606
2.7021015969574798	1.2597865431117
2.7040959451061526	1.2618724652053392
2.706090293254826	1.2639583872989786
2.7080846414034987	1.266044309392618
2.710078989552172	1.2681302314862573
2.712073337700845	1.2702161535798966
2.7140676858495176	1.272302075673536
2.716062033998191	1.2743879977671753
2.7180563821468637	1.2764739198608146
2.720050730295537	1.278559841954454
2.72204507844421	1.2806457640480933
2.724039426592883	1.2827316861417326
2.726033774741556	1.284817608235372
2.7280281228902292	1.2869035303290113
2.730022471038902	1.2889894524226504
2.7320168191875753	1.2910753745162897
2.734011167336248	1.293161296609929
2.7360055154849214	1.2952472187035684
2.7379998636335943	1.2973331407972077
2.739994211782267	1.299419062890847
2.7419885599309404	1.3015049849844864
2.743982908079613	1.3035909070781257
2.7459772562282865	1.305676829171765
2.7479716043769593	1.3077627512654044
2.7499659525256326	1.3098486733590438
2.7519603006743054	1.311934595452683
2.7539546488229787	1.3140205175463224
2.7559489969716515	1.3161064396399618
2.757943345120325	1.318192361733601
2.7599376932689976	1.3202782838272404
2.761932041417671	1.3223642059208798
2.7639263895663437	1.3244501280145191
2.7659207377150166	1.3265360501081584
2.76791508586369	1.3286219722017978
2.7699094340123627	1.3307078942954371
2.771903782161036	1.3327938163890765
2.7738981303097088	1.3348797384827156
2.775892478458382	1.336965660576355
2.777886826607055	1.3390515826699942
2.779881174755728	1.3411375047636336
2.781875522904401	1.343223426857273
2.7838698710530743	1.3453093489509123
2.785864219201747	1.3473952710445516
2.7878585673504204	1.349481193138191
2.789852915499093	1.3515671152318303
2.7918472636477665	1.3536530373254696
2.7938416117964393	1.355738959419109
2.795835959945112	1.3578248815127483
2.7978303080937854	1.3599108036063876
2.7998246562424582	1.361996725700027
2.8018190043911315	1.3640826477936663
2.8038133525398043	1.3661685698873056
2.8058077006884776	1.368254491980945
2.8078020488371505	1.3703404140745843
2.8097963969858237	1.3724263361682236
2.8117907451344966	1.374512258261863
2.81378509328317	1.3765981803555023
2.8157794414318427	1.3786841024491416
2.817773789580516	1.380770024542781
2.8197681377291888	1.38285594663642
2.8217624858778616	1.3849418687300594
2.823756834026535	1.3870277908236988
2.8257511821752077	1.389113712917338
2.827745530323881	1.3911996350109774
2.829739878472554	1.3932855571046168
2.831734226621227	1.395371479198256
2.8337285747699	1.3974574012918954
2.835722922918573	1.3995433233855348
2.837717271067246	1.4016292454791741
2.8397116192159193	1.4037151675728134
2.841705967364592	1.4058010896664528
2.8437003155132654	1.4078870117600921
2.8456946636619382	1.4099729338537315
2.847689011810611	1.4120588559473708
2.8496833599592843	1.4141447780410101
2.851677708107957	1.4162307001346495
2.8536720562566305	1.4183166222282888
2.8556664044053033	1.4204025443219281
2.8576607525539766	1.4224884664155675
2.8596551007026494	1.4245743885092068
2.8616494488513227	1.4266603106028461
2.8636437969999955	1.4287462326964855
2.8656381451486688	1.4308321547901246
2.8676324932973416	1.432918076883764
2.869626841446015	1.4350039989774033
2.8716211895946877	1.4370899210710426
2.8736155377433605	1.439175843164682
2.875609885892034	1.4412617652583213
2.8776042340407066	1.4433476873519606
2.87959858218938	1.4454336094456
2.8815929303380527	1.4475195315392393
2.883587278486726	1.4496054536328786
2.885581626635399	1.451691375726518
2.887575974784072	1.4537772978201573
2.889570322932745	1.4558632199137966
2.8915646710814182	1.457949142007436
2.893559019230091	1.4600350641010753
2.8955533673787643	1.4621209861947146
2.897547715527437	1.464206908288354
2.8995420636761104	1.4662928303819933
2.9015364118247833	1.4683787524756327
2.903530759973456	1.470464674569272
2.9055251081221294	1.4725505966629113
2.907519456270802	1.4746365187565507
2.9095138044194755	1.4767224408501898
2.9115081525681483	1.4788083629438291
2.9135025007168216	1.4808942850374684
2.9154968488654944	1.4829802071311078
2.9174911970141677	1.4850661292247471
2.9194855451628405	1.4871520513183865
2.921479893311514	1.4892379734120258
2.9234742414601866	1.4913238955056651
2.92546858960886	1.4934098175993045
2.9274629377575327	1.4954957396929438
2.9294572859062056	1.4975816617865831
2.931451634054879	1.4996675838802225
2.9334459822035517	1.5017535059738618
2.935440330352225	1.5038394280675011
2.937434678500898	1.5059253501611405
2.939429026649571	1.5080112722547798
2.941423374798244	1.5100971943484192
2.943417722946917	1.5121831164420585
2.94541207109559	1.5142690385356978
2.9474064192442633	1.5163549606293372
2.949400767392936	1.5184408827229765
2.9513951155416094	1.5205268048166158
2.953389463690282	1.5226127269102552
2.955383811838955	1.5246986490038943
2.9573781599876283	1.5267845710975336
2.959372508136301	1.528870493191173
2.9613668562849744	1.5309564152848123
2.9633612044336473	1.5330423373784516
2.9653555525823205	1.535128259472091
2.9673499007309934	1.5372141815657303
2.9693442488796666	1.5393001036593696
2.9713385970283395	1.541386025753009
2.9733329451770127	1.5434719478466483
2.9753272933256856	1.5455578699402877
2.977321641474359	1.547643792033927
2.9793159896230317	1.5497297141275663
2.9813103377717045	1.5518156362212057
2.983304685920378	1.553901558314845
2.9852990340690506	1.5559874804084843
2.987293382217724	1.5580734025021237
2.9892877303663967	1.560159324595763
2.99128207851507	1.5622452466894023
2.993276426663743	1.5643311687830417
2.995270774812416	1.566417090876681
2.997265122961089	1.5685030129703204
2.999259471109762	1.5705889350639597
3.001253819258435	1.5726748571575988
3.0032481674071083	1.5747607792512381
3.005242515555781	1.5768467013448775
3.0072368637044544	1.5789326234385168
3.0092312118531273	1.5810185455321561
3.0112255600018	1.5831044676257955
3.0132199081504734	1.5851903897194348
3.015214256299146	1.5872763118130742
3.0172086044478195	1.5893622339067135
3.0192029525964923	1.5914481560003528
3.0211973007451656	1.5935340780939922
3.0231916488938384	1.5956200001876315
3.0251859970425117	1.5977059222812708
3.0271803451911845	1.5997918443749102
3.029174693339858	1.6018777664685495
3.0311690414885306	1.6039636885621888
3.033163389637204	1.6060496106558282
3.0351577377858767	1.6081355327494675
3.0371520859345496	1.6102214548431069
3.039146434083223	1.6123073769367462
3.0411407822318957	1.6143932990303855
3.043135130380569	1.6164792211240249
3.0451294785292418	1.618565143217664
3.047123826677915	1.6206510653113033
3.049118174826588	1.6227369874049427
3.051112522975261	1.624822909498582
3.053106871123934	1.6269088315922213
3.0551012192726072	1.6289947536858607
3.05709556742128	1.6310806757795
3.0590899155699534	1.6331665978731393
3.061084263718626	1.6352525199667787
3.063078611867299	1.637338442060418
3.0650729600159723	1.6394243641540573
3.067067308164645	1.6415102862476967
3.0690616563133184	1.643596208341336
3.0710560044619912	1.6456821304349754
3.0730503526106645	1.6477680525286147
3.0750447007593373	1.649853974622254
3.0770390489080106	1.6519398967158934
3.0790333970566834	1.6540258188095327
3.0810277452053567	1.656111740903172
3.0830220933540295	1.6581976629968114
3.085016441502703	1.6602835850904507
3.0870107896513757	1.66236950718409
3.0890051378000485	1.6644554292777294
3.0909994859487218	1.6665413513713685
3.0929938340973946	1.6686272734650078
3.094988182246068	1.6707131955586472
3.0969825303947407	1.6727991176522865
3.098976878543414	1.6748850397459258
3.100971226692087	1.6769709618395652
3.10296557484076	1.6790568839332045
3.104959922989433	1.6811428060268439
3.106954271138106	1.6832287281204832
3.108948619286779	1.6853146502141225
3.1109429674354523	1.6874005723077619
3.112937315584125	1.6894864944014012
3.1149316637327984	1.6915724164950405
3.1169260118814712	1.6936583385886799
3.118920360030144	1.6957442606823192
3.1209147081788173	1.6978301827759585
3.12290905632749	1.6999161048695979
3.1249034044761634	1.7020020269632372
3.1268977526248363	1.7040879490568765
3.1288921007735095	1.7061738711505159
3.1308864489221824	1.7082597932441552
3.1328807970708556	1.7103457153377946
3.1348751452195285	1.712431637431434
3.1368694933682018	1.714517559525073
3.1388638415168746	1.7166034816187123
3.140858189665548	1.7186894037123517
3.1428525378142207	1.720775325805991
3.1448468859628935	1.7228612478996304
3.146841234111567	1.7249471699932697
3.1488355822602396	1.727033092086909
3.150829930408913	1.7291190141805484
3.1528242785575857	1.7312049362741877
3.154818626706259	1.733290858367827
3.156812974854932	1.7353767804614664
3.158807323003605	1.7374627025551057
3.160801671152278	1.739548624648745
3.1627960193009512	1.7416345467423844
3.164790367449624	1.7437204688360237
3.1667847155982973	1.745806390929663
3.16877906374697	1.7478923130233024
3.170773411895643	1.7499782351169417
3.1727677600443163	1.752064157210581
3.174762108192989	1.7541500793042204
3.1767564563416624	1.7562360013978597
3.178750804490335	1.758321923491499
3.1807451526390085	1.7604078455851382
3.1827395007876813	1.7624937676787775
3.1847338489363546	1.7645796897724169
3.1867281970850274	1.7666656118660562
3.1887225452337007	1.7687515339596955
3.1907168933823735	1.7708374560533349
3.192711241531047	1.7729233781469742
3.1947055896797196	1.7750093002406135
3.1966999378283925	1.7770952223342529
3.1986942859770657	1.7791811444278922
3.2006886341257386	1.7812670665215316
3.202682982274412	1.7833529886151709
3.2046773304230847	1.7854389107088102
3.206671678571758	1.7875248328024496
3.2086660267204308	1.789610754896089
3.210660374869104	1.7916966769897282
3.212654723017777	1.7937825990833676
3.21464907116645	1.795868521177007
3.216643419315123	1.7979544432706462
3.2186377674637963	1.8000403653642856
3.220632115612469	1.802126287457925
3.2226264637611424	1.8042122095515642
3.224620811909815	1.8062981316452036
3.226615160058488	1.8083840537388427
3.2286095082071613	1.810469975832482
3.230603856355834	1.8125558979261214
3.2325982045045074	1.8146418200197607
3.2345925526531802	1.8167277421134
3.2365869008018535	1.8188136642070394
3.2385812489505263	1.8208995863006787
3.2405755970991996	1.822985508394318
3.2425699452478725	1.8250714304879574
3.2445642933965457	1.8271573525815967
3.2465586415452186	1.829243274675236
3.248552989693892	1.8313291967688754
3.2505473378425647	1.8334151188625147
3.2525416859912375	1.835501040956154
3.2545360341399108	1.8375869630497934
3.2565303822885836	1.8396728851434327
3.258524730437257	1.841758807237072
3.2605190785859297	1.8438447293307114
3.262513426734603	1.8459306514243508
3.264507774883276	1.84801657351799
3.266502123031949	1.8501024956116294
3.268496471180622	1.8521884177052688
3.270490819329295	1.854274339798908
3.272485167477968	1.8563602618925472
3.2744795156266413	1.8584461839861866
3.276473863775314	1.8605321060798259
3.278468211923987	1.8626180281734652
3.2804625600726602	1.8647039502671046
3.282456908221333	1.866789872360744
3.2844512563700063	1.8688757944543832
3.286445604518679	1.8709617165480226
3.2884399526673525	1.873047638641662
3.2904343008160253	1.8751335607353012
3.2924286489646986	1.8772194828289406
3.2944229971133714	1.87930540492258
3.2964173452620447	1.8813913270162193
3.2984116934107175	1.8834772491098586
3.3004060415593908	1.885563171203498
3.3024003897080636	1.8876490932971373
3.3043947378567364	1.8897350153907766
3.3063890860054097	1.891820937484416
3.3083834341540825	1.8939068595780553
3.310377782302756	1.8959927816716946
3.3123721304514286	1.898078703765334
3.314366478600102	1.9001646258589733
3.3163608267487747	1.9022505479526124
3.318355174897448	1.9043364700462517
3.320349523046121	1.906422392139891
3.322343871194794	1.9085083142335304
3.324338219343467	1.9105942363271697
3.3263325674921402	1.912680158420809
3.328326915640813	1.9147660805144484
3.3303212637894863	1.9168520026080877
3.332315611938159	1.918937924701727
3.334309960086832	1.9210238467953664
3.3363043082355053	1.9231097688890058
3.338298656384178	1.925195690982645
3.3402930045328514	1.9272816130762844
3.342287352681524	1.9293675351699238
3.3442817008301975	1.931453457263563
3.3462760489788703	1.9335393793572024
3.3482703971275436	1.9356253014508418
3.3502647452762164	1.937711223544481
3.3522590934248897	1.9397971456381204
3.3542534415735625	1.9418830677317598
3.356247789722236	1.9439689898253991
3.3582421378709086	1.9460549119190385
3.3602364860195815	1.9481408340126778
3.3622308341682547	1.950226756106317
3.3642251823169276	1.9523126781999562
3.366219530465601	1.9543986002935956
3.3682138786142737	1.956484522387235
3.370208226762947	1.9585704444808743
3.37220257491162	1.9606563665745136
3.374196923060293	1.962742288668153
3.376191271208966	1.9648282107617923
3.378185619357639	1.9669141328554316
3.380179967506312	1.969000054949071
3.3821743156549853	1.9710859770427103
3.384168663803658	1.9731718991363496
