0.0	0.0
0.0012354793282314284	0.0
0.002470958656462857	0.0
0.0037064379846942852	0.0
0.004941917312925714	0.0
0.006177396641157142	0.0
0.0074128759693885705	0.0
0.008648355297619998	0.0
0.009883834625851427	0.0
0.011119313954082855	0.0
0.012354793282314284	0.0
0.013590272610545712	0.0
0.014825751938777141	0.0
0.01606123126700857	0.0
0.017296710595239996	0.0
0.018532189923471425	0.0
0.019767669251702855	0.0
0.021003148579934284	0.0
0.02223862790816571	0.0
0.02347410723639714	0.0
0.024709586564628568	0.0
0.025945065892859998	0.0
0.027180545221091423	0.0
0.028416024549322853	0.0
0.029651503877554282	0.0
0.03088698320578571	0.0
0.03212246253401714	0.0
0.033357941862248566	0.0
0.03459342119047999	0.0
0.035828900518711425	0.0
0.03706437984694285	0.0
0.03829985917517428	0.0
0.03953533850340571	0.0
0.040770817831637135	0.0
0.04200629715986857	0.0
0.043241776488099994	0.0
0.04447725581633142	0.0
0.04571273514456285	0.0
0.04694821447279428	0.0
0.048183693801025704	0.0
0.049419173129257137	0.0
0.05065465245748856	0.0
0.051890131785719995	0.0
0.05312561111395142	0.0
0.05436109044218285	0.0
0.05559656977041428	0.0
0.056832049098645705	0.0
0.05806752842687713	0.0
0.059303007755108564	0.0
0.06053848708333999	0.0
0.06177396641157142	0.0
0.06300944573980284	0.0
0.06424492506803428	0.0
0.0654804043962657	0.0
0.06671588372449713	0.0
0.06795136305272856	0.0
0.06918684238095998	0.0
0.07042232170919142	0.0
0.07165780103742285	0.0
0.07289328036565428	0.0
0.0741287596938857	0.0
0.07536423902211713	0.0
0.07659971835034857	0.0
0.07783519767857999	0.0
0.07907067700681142	0.0
0.08030615633504284	0.0
0.08154163566327427	0.0
0.0827771149915057	0.0
0.08401259431973714	0.0
0.08524807364796856	0.0
0.08648355297619999	0.0
0.08771903230443141	0.0
0.08895451163266284	0.0
0.09018999096089428	0.0
0.0914254702891257	0.0
0.09266094961735713	0.0
0.09389642894558856	0.0
0.09513190827381998	0.0
0.09636738760205141	0.0
0.09760286693028285	0.0
0.09883834625851427	0.0
0.1000738255867457	0.0
0.10130930491497712	0.0
0.10254478424320855	0.0
0.10378026357143999	0.0
0.10501574289967142	0.0
0.10625122222790284	0.0
0.10748670155613427	0.0
0.1087221808843657	0.0
0.10995766021259713	0.0
0.11119313954082856	0.0
0.11242861886905998	0.0
0.11366409819729141	0.0
0.11489957752552284	0.0
0.11613505685375426	0.0
0.1173705361819857	0.0
0.11860601551021713	0.0
0.11984149483844855	0.0
0.12107697416667998	0.0
0.1223124534949114	0.0
0.12354793282314284	0.0
0.12478341215137427	0.0
0.12601889147960568	0.0
0.12725437080783714	0.0
0.12848985013606856	0.0
0.1297253294643	0.0
0.1309608087925314	0.0
0.13219628812076284	0.0
0.13343176744899427	0.0
0.1346672467772257	0.0
0.13590272610545712	0.0
0.13713820543368854	0.0
0.13837368476191997	0.0
0.1396091640901514	0.0
0.14084464341838285	0.0
0.14208012274661427	0.0
0.1433156020748457	0.0
0.14455108140307713	0.0
0.14578656073130855	0.0
0.14702204005953998	0.0
0.1482575193877714	0.0
0.14949299871600283	0.0
0.15072847804423425	0.0
0.15196395737246568	0.0
0.15319943670069713	0.0
0.15443491602892856	0.0
0.15567039535715999	0.0
0.1569058746853914	0.0
0.15814135401362284	0.0
0.15937683334185426	0.0
0.1606123126700857	0.0
0.16184779199831711	0.0
0.16308327132654854	0.0
0.16431875065477997	0.0
0.1655542299830114	0.0
0.16678970931124285	0.0
0.16802518863947427	0.0
0.1692606679677057	0.0
0.17049614729593712	0.0
0.17173162662416855	0.0
0.17296710595239997	0.0
0.1742025852806314	0.0
0.17543806460886283	0.0
0.17667354393709425	0.0
0.17790902326532568	0.0
0.1791445025935571	0.0
0.18037998192178856	0.0
0.18161546125001998	0.0
0.1828509405782514	0.0
0.18408641990648283	0.0
0.18532189923471426	0.0
0.18655737856294569	0.0
0.1877928578911771	0.0
0.18902833721940854	0.0
0.19026381654763996	0.0
0.1914992958758714	0.0
0.19273477520410282	0.0
0.19397025453233427	0.0
0.1952057338605657	0.0
0.19644121318879712	0.0
0.19767669251702855	0.0
0.19891217184525997	0.0
0.2001476511734914	0.0
0.20138313050172282	0.0
0.20261860982995425	0.0
0.20385408915818568	0.0
0.2050895684864171	0.0
0.20632504781464855	0.0
0.20756052714287998	0.0
0.2087960064711114	0.0
0.21003148579934283	0.0
0.21126696512757426	0.0
0.21250244445580568	0.0
0.2137379237840371	0.0
0.21497340311226854	0.0
0.21620888244049996	0.0
0.2174443617687314	0.0
0.2186798410969628	0.0
0.21991532042519427	0.0
0.2211507997534257	0.0
0.22238627908165712	0.0
0.22362175840988854	0.0
0.22485723773811997	0.0
0.2260927170663514	0.0
0.22732819639458282	0.0
0.22856367572281425	0.0
0.22979915505104567	0.0
0.2310346343792771	0.0
0.23227011370750852	0.0
0.23350559303573998	0.0
0.2347410723639714	0.0
0.23597655169220283	0.0
0.23721203102043426	0.0
0.23844751034866568	0.0
0.2396829896768971	0.0
0.24091846900512853	0.0
0.24215394833335996	0.0
0.24338942766159138	0.0
0.2446249069898228	0.0
0.24586038631805424	0.0
0.2470958656462857	0.0
0.24833134497451712	0.0
0.24956682430274854	0.0
0.25080230363097994	0.0
0.25203778295921136	0.0
0.25327326228744285	0.0
0.25450874161567427	0.0
0.2557442209439057	0.0
0.2569797002721371	0.0
0.25821517960036855	0.0
0.2594506589286	0.0
0.2606861382568314	0.0
0.2619216175850628	0.0
0.26315709691329425	0.0
0.2643925762415257	0.0
0.2656280555697571	0.0
0.26686353489798853	0.0
0.26809901422621996	0.0
0.2693344935544514	0.0
0.2705699728826828	0.0
0.27180545221091423	0.0
0.27304093153914566	0.0
0.2742764108673771	0.0
0.2755118901956085	0.0
0.27674736952383994	0.0
0.27798284885207136	0.0
0.2792183281803028	0.0
0.28045380750853427	0.0
0.2816892868367657	0.0
0.2829247661649971	0.0
0.28416024549322855	0.0
0.28539572482146	0.0
0.2866312041496914	0.0
0.2878666834779228	0.0
0.28910216280615425	0.0
0.2903376421343857	0.0
0.2915731214626171	0.0
0.29280860079084853	0.0
0.29404408011907995	0.0
0.2952795594473114	0.0
0.2965150387755428	0.0
0.29775051810377423	0.0
0.29898599743200566	0.0
0.3002214767602371	0.0
0.3014569560884685	0.0
0.30269243541669993	0.0
0.30392791474493136	0.0
0.3051633940731628	0.0
0.30639887340139427	0.0
0.3076343527296257	0.0
0.3088698320578571	0.0
0.31010531138608854	0.0
0.31134079071431997	0.0
0.3125762700425514	0.0
0.3138117493707828	0.0
0.31504722869901425	0.0
0.3162827080272457	0.0
0.3175181873554771	0.0
0.3187536666837085	0.0
0.31998914601193995	0.0
0.3212246253401714	0.0
0.3224601046684028	0.0
0.32369558399663423	0.0
0.32493106332486565	0.0
0.3261665426530971	0.0
0.3274020219813285	0.0
0.32863750130955993	0.0
0.32987298063779136	0.0
0.3311084599660228	0.0
0.3323439392942542	0.0
0.3335794186224857	0.0
0.3348148979507171	0.0
0.33605037727894854	0.0
0.33728585660717997	0.0
0.3385213359354114	0.0
0.3397568152636428	0.0
0.34099229459187425	0.0
0.34222777392010567	0.0
0.3434632532483371	0.0
0.3446987325765685	0.0
0.34593421190479995	0.0
0.3471696912330314	0.0
0.3484051705612628	0.0
0.3496406498894942	0.0
0.35087612921772565	0.0
0.3521116085459571	0.0
0.3533470878741885	0.0
0.35458256720241993	0.0
0.35581804653065136	0.0
0.3570535258588828	0.0
0.3582890051871142	0.0
0.3595244845153457	0.0
0.3607599638435771	0.0
0.36199544317180854	0.0
0.36323092250003997	0.0
0.3644664018282714	0.0
0.3657018811565028	0.0
0.36693736048473424	0.0
0.36817283981296567	0.0
0.3694083191411971	0.0
0.3706437984694285	0.0
0.37187927779765995	0.0
0.37311475712589137	0.0
0.3743502364541228	0.0
0.3755857157823542	0.0
0.37682119511058565	0.0
0.3780566744388171	0.0
0.3792921537670485	0.0
0.3805276330952799	0.0
0.38176311242351135	0.0
0.3829985917517428	0.0
0.3842340710799742	0.0
0.38546955040820563	0.0
0.3867050297364371	0.0
0.38794050906466854	0.0
0.38917598839289996	0.0
0.3904114677211314	0.0
0.3916469470493628	0.0
0.39288242637759424	0.0
0.39411790570582567	0.0
0.3953533850340571	0.0
0.3965888643622885	0.0
0.39782434369051994	0.0
0.39905982301875137	0.0
0.4002953023469828	0.0
0.4015307816752142	0.0
0.40276626100344565	0.0
0.4040017403316771	0.0
0.4052372196599085	0.0
0.4064726989881399	0.0
0.40770817831637135	0.0
0.4089436576446028	0.0
0.4101791369728342	0.0
0.4114146163010656	0.0
0.4126500956292971	0.0
0.41388557495752853	0.0
0.41512105428575996	0.0
0.4163565336139914	0.0
0.4175920129422228	0.0
0.41882749227045424	0.0
0.42006297159868566	0.0
0.4212984509269171	0.0
0.4225339302551485	0.0
0.42376940958337994	0.0
0.42500488891161137	0.0
0.4262403682398428	0.0
0.4274758475680742	0.0
0.42871132689630564	0.0
0.42994680622453707	0.0
0.4311822855527685	0.0
0.4324177648809999	0.0
0.43365324420923135	0.0
0.4348887235374628	0.0
0.4361242028656942	0.0
0.4373596821939256	0.0
0.43859516152215705	0.0
0.43983064085038853	0.0
0.44106612017861996	0.0
0.4423015995068514	0.0
0.4435370788350828	0.0
0.44477255816331424	0.0
0.44600803749154566	0.0
0.4472435168197771	0.0
0.4484789961480085	0.0
0.44971447547623994	0.0
0.45094995480447136	0.0
0.4521854341327028	0.0
0.4534209134609342	0.0
0.45465639278916564	0.0
0.45589187211739707	0.0
0.4571273514456285	0.0
0.4583628307738599	0.0
0.45959831010209135	0.0
0.46083378943032277	0.0
0.4620692687585542	0.0
0.4633047480867856	0.0
0.46454022741501705	0.0
0.4657757067432485	0.0
0.46701118607147996	0.0
0.4682466653997114	0.0
0.4694821447279428	0.0
0.47071762405617423	0.0
0.47195310338440566	0.0
0.4731885827126371	0.0
0.4744240620408685	0.0
0.47565954136909994	0.0
0.47689502069733136	0.0
0.4781305000255628	0.0
0.4793659793537942	0.0
0.48060145868202564	0.0
0.48183693801025707	0.0
0.4830724173384885	0.0
0.4843078966667199	0.0
0.48554337599495134	0.0
0.48677885532318277	0.0
0.4880143346514142	0.0
0.4892498139796456	0.0
0.49048529330787705	0.0
0.49172077263610847	0.0
0.49295625196433995	0.0
0.4941917312925714	0.0
0.4954272106208028	0.0
0.49666268994903423	0.0
0.49789816927726566	0.0
0.4991336486054971	0.0
0.5003691279337285	0.0
0.5016046072619599	0.0
0.5028400865901913	0.0
0.5040755659184227	0.0
0.5053110452466542	0.0
0.5065465245748857	0.0
0.5077820039031171	0.0
0.5090174832313485	0.0
0.51025296255958	0.0
0.5114884418878114	0.0
0.5127239212160428	0.0
0.5139594005442742	0.0
0.5151948798725057	0.0
0.5164303592007371	0.0
0.5176658385289685	0.0
0.5189013178572	0.0
0.5201367971854314	0.0
0.5213722765136628	0.0
0.5226077558418942	0.0
0.5238432351701257	0.0
0.5250787144983571	0.0
0.5263141938265885	0.0
0.5275496731548199	0.0
0.5287851524830514	0.0
0.5300206318112828	0.0
0.5312561111395142	0.0
0.5324915904677456	0.0
0.5337270697959771	0.0
0.5349625491242085	0.0
0.5361980284524399	0.0
0.5374335077806713	0.0
0.5386689871089028	0.0
0.5399044664371342	0.0
0.5411399457653656	0.0
0.542375425093597	0.0
0.5436109044218285	0.0
0.5448463837500599	0.0
0.5460818630782913	0.0
0.5473173424065227	0.0
0.5485528217347542	0.0
0.5497883010629856	0.0
0.551023780391217	0.0
0.5522592597194484	0.0
0.5534947390476799	0.0
0.5547302183759113	0.0
0.5559656977041427	0.0
0.5572011770323742	0.0
0.5584366563606056	0.0
0.5596721356888371	0.0
0.5609076150170685	0.0
0.5621430943453	0.0
0.5633785736735314	0.0
0.5646140530017628	0.0
0.5658495323299942	0.0
0.5670850116582257	0.0
0.5683204909864571	0.0
0.5695559703146885	0.0
0.57079144964292	0.0
0.5720269289711514	0.0
0.5732624082993828	0.0
0.5744978876276142	0.0
0.5757333669558456	0.0
0.5769688462840771	0.0
0.5782043256123085	0.0
0.5794398049405399	0.0
0.5806752842687714	0.0
0.5819107635970028	0.0
0.5831462429252342	0.0
0.5843817222534656	0.0
0.5856172015816971	0.0
0.5868526809099285	0.0
0.5880881602381599	0.0
0.5893236395663913	0.0
0.5905591188946228	0.0
0.5917945982228542	0.0
0.5930300775510856	0.0
0.594265556879317	0.0
0.5955010362075485	0.0
0.5967365155357799	0.0
0.5979719948640113	0.0
0.5992074741922427	0.0
0.6004429535204742	0.0
0.6016784328487056	0.0
0.602913912176937	0.0
0.6041493915051684	0.0
0.6053848708333999	0.0
0.6066203501616313	0.0
0.6078558294898627	0.0
0.6090913088180941	0.0
0.6103267881463256	0.0
0.611562267474557	0.0
0.6127977468027885	0.0
0.61403322613102	0.0
0.6152687054592514	0.0
0.6165041847874828	0.0
0.6177396641157142	0.0
0.6189751434439457	0.0
0.6202106227721771	0.0
0.6214461021004085	0.0
0.6226815814286399	0.0
0.6239170607568714	0.0
0.6251525400851028	0.0
0.6263880194133342	0.0
0.6276234987415656	0.0
0.6288589780697971	0.0
0.6300944573980285	0.0
0.6313299367262599	0.0
0.6325654160544913	0.0
0.6338008953827228	0.0
0.6350363747109542	0.0
0.6362718540391856	0.0
0.637507333367417	0.0
0.6387428126956485	0.0
0.6399782920238799	0.0
0.6412137713521113	0.0
0.6424492506803428	0.0
0.6436847300085742	0.0
0.6449202093368056	0.0
0.646155688665037	0.0
0.6473911679932685	0.0
0.6486266473214999	0.0
0.6498621266497313	0.0
0.6510976059779627	0.0
0.6523330853061942	0.0
0.6535685646344256	0.0
0.654804043962657	0.0
0.6560395232908884	0.0
0.6572750026191199	0.0
0.6585104819473513	0.0
0.6597459612755827	0.0
0.6609814406038141	0.0
0.6622169199320456	0.0
0.663452399260277	0.0
0.6646878785885084	0.0
0.66592335791674	0.0
0.6671588372449714	0.0
0.6683943165732028	0.0
0.6696297959014342	0.0
0.6708652752296657	0.0
0.6721007545578971	0.0
0.6733362338861285	0.0
0.6745717132143599	0.0
0.6758071925425914	0.0
0.6770426718708228	0.0
0.6782781511990542	0.0
0.6795136305272856	0.0
0.6807491098555171	0.0
0.6819845891837485	0.0
0.6832200685119799	0.0
0.6844555478402113	0.0
0.6856910271684428	0.0
0.6869265064966742	0.0
0.6881619858249056	0.0
0.689397465153137	0.0
0.6906329444813685	0.0
0.6918684238095999	0.0
0.6931039031378313	0.0
0.6943393824660627	0.0
0.6955748617942942	0.0
0.6968103411225256	0.0
0.698045820450757	0.0
0.6992812997789885	0.0
0.7005167791072199	0.0
0.7017522584354513	0.0
0.7029877377636827	0.0
0.7042232170919142	0.0
0.7054586964201456	0.0
0.706694175748377	0.0
0.7079296550766084	0.0
0.7091651344048399	0.0
0.7104006137330713	0.0
0.7116360930613027	0.0
0.7128715723895341	0.0
0.7141070517177656	0.0
0.715342531045997	0.0
0.7165780103742284	0.0
0.7178134897024598	0.0
0.7190489690306914	0.0
0.7202844483589228	0.0
0.7215199276871542	0.0
0.7227554070153857	0.0
0.7239908863436171	0.0
0.7252263656718485	0.0
0.7264618450000799	0.0
0.7276973243283114	0.0
0.7289328036565428	0.0
0.7301682829847742	0.0
0.7314037623130056	0.0
0.7326392416412371	0.0
0.7338747209694685	0.0
0.7351102002976999	0.0
0.7363456796259313	0.0
0.7375811589541628	0.0
0.7388166382823942	0.0
0.7400521176106256	0.0
0.741287596938857	0.0
0.7425230762670885	0.0
0.7437585555953199	0.0
0.7449940349235513	0.0
0.7462295142517827	0.0
0.7474649935800142	0.0
0.7487004729082456	0.0
0.749935952236477	0.0
0.7511714315647084	0.0
0.7524069108929399	0.0
0.7536423902211713	0.0
0.7548778695494027	0.0
0.7561133488776342	0.0
0.7573488282058656	0.0
0.758584307534097	0.0
0.7598197868623284	0.0
0.7610552661905599	0.0
0.7622907455187913	0.0
0.7635262248470227	0.0
0.7647617041752541	0.0
0.7659971835034856	0.0
0.767232662831717	0.0
0.7684681421599484	0.0
0.7697036214881798	0.0
0.7709391008164113	0.0
0.7721745801446428	0.0
0.7734100594728742	0.0
0.7746455388011056	0.0
0.7758810181293371	0.0
0.7771164974575685	0.0
0.7783519767857999	0.0
0.7795874561140314	0.0
0.7808229354422628	0.0
0.7820584147704942	0.0
0.7832938940987256	0.0
0.784529373426957	0.0
0.7857648527551885	0.0
0.7870003320834199	0.0
0.7882358114116513	0.0
0.7894712907398828	0.0
0.7907067700681142	0.0
0.7919422493963456	0.0
0.793177728724577	0.0
0.7944132080528085	0.0
0.7956486873810399	0.0
0.7968841667092713	0.0
0.7981196460375027	0.0
0.7993551253657342	0.0
0.8005906046939656	0.0
0.801826084022197	0.0
0.8030615633504284	0.0
0.8042970426786599	0.0
0.8055325220068913	0.0
0.8067680013351227	0.0
0.8080034806633541	0.0
0.8092389599915856	0.0
0.810474439319817	0.0
0.8117099186480484	0.0
0.8129453979762798	0.0
0.8141808773045113	0.0
0.8154163566327427	0.0
0.8166518359609741	0.0
0.8178873152892056	0.0
0.819122794617437	0.0
0.8203582739456684	0.0
0.8215937532738998	0.0
0.8228292326021313	0.0
0.8240647119303627	0.0
0.8253001912585942	0.0
0.8265356705868256	0.0
0.8277711499150571	0.0
0.8290066292432885	0.0
0.8302421085715199	0.0
0.8314775878997513	0.0
0.8327130672279828	0.0
0.8339485465562142	0.0
0.8351840258844456	0.0
0.836419505212677	0.0
0.8376549845409085	0.0
0.8388904638691399	0.0
0.8401259431973713	0.0
0.8413614225256028	0.0
0.8425969018538342	0.0
0.8438323811820656	0.0
0.845067860510297	0.0
0.8463033398385285	0.0
0.8475388191667599	0.0
0.8487742984949913	0.0
0.8500097778232227	0.0
0.8512452571514542	0.0
0.8524807364796856	0.0
0.853716215807917	0.0
0.8549516951361484	0.0
0.8561871744643799	0.0
0.8574226537926113	0.0
0.8586581331208427	0.0
0.8598936124490741	0.0
0.8611290917773056	0.0
0.862364571105537	0.0
0.8636000504337684	0.0
0.8648355297619998	0.0
0.8660710090902313	0.0
0.8673064884184627	0.0
0.8685419677466941	0.0
0.8697774470749255	0.0
0.871012926403157	0.0
0.8722484057313884	0.0
0.8734838850596198	0.0
0.8747193643878513	0.0
0.8759548437160827	0.0
0.8771903230443141	0.0
0.8784258023725456	0.0
0.8796612817007771	0.0
0.8808967610290085	0.0
0.8821322403572399	0.0
0.8833677196854713	0.0
0.8846031990137028	0.0
0.8858386783419342	0.0
0.8870741576701656	0.0
0.888309636998397	0.0
0.8895451163266285	0.0
0.8907805956548599	0.0
0.8920160749830913	0.0
0.8932515543113227	0.0
0.8944870336395542	0.0
0.8957225129677856	0.0
0.896957992296017	0.0
0.8981934716242485	0.0
0.8994289509524799	0.0
0.9006644302807113	0.0
0.9018999096089427	0.0
0.9031353889371742	0.0
0.9043708682654056	0.0
0.905606347593637	0.0
0.9068418269218684	0.0
0.9080773062500999	0.0
0.9093127855783313	0.0
0.9105482649065627	0.0
0.9117837442347941	0.0
0.9130192235630256	0.0
0.914254702891257	0.0
0.9154901822194884	0.0
0.9167256615477198	0.0
0.9179611408759513	0.0
0.9191966202041827	0.0
0.9204320995324141	0.0
0.9216675788606455	0.0
0.922903058188877	0.0
0.9241385375171084	0.0
0.9253740168453398	0.0
0.9266094961735712	0.0
0.9278449755018027	0.0
0.9290804548300341	0.0
0.9303159341582655	0.0
0.931551413486497	0.0
0.9327868928147285	0.0
0.9340223721429599	0.0
0.9352578514711913	0.0
0.9364933307994228	0.0
0.9377288101276542	0.0
0.9389642894558856	0.0
0.940199768784117	0.0
0.9414352481123485	0.0
0.9426707274405799	0.0
0.9439062067688113	0.0
0.9451416860970427	0.0
0.9463771654252742	0.0
0.9476126447535056	0.0
0.948848124081737	0.0
0.9500836034099684	0.0
0.9513190827381999	0.0
0.9525545620664313	0.0
0.9537900413946627	0.0
0.9550255207228942	0.0
0.9562610000511256	0.0
0.957496479379357	0.0
0.9587319587075884	0.0
0.9599674380358199	0.0
0.9612029173640513	0.0
0.9624383966922827	0.0
0.9636738760205141	0.0
0.9649093553487456	0.0
0.966144834676977	0.0
0.9673803140052084	0.0
0.9686157933334398	0.0
0.9698512726616713	0.0
0.9710867519899027	0.0
0.9723222313181341	0.0
0.9735577106463655	0.0
0.974793189974597	0.0
0.9760286693028284	0.0
0.9772641486310598	0.0
0.9784996279592912	0.0
0.9797351072875227	0.0
0.9809705866157541	0.0
0.9822060659439855	0.0
0.9834415452722169	0.0
0.9846770246004484	0.0
0.9859125039286799	0.0
0.9871479832569113	0.0
0.9883834625851428	0.0
0.9896189419133742	0.0
0.9908544212416056	0.0
0.992089900569837	0.0
0.9933253798980685	0.0
0.9945608592262999	0.0
0.9957963385545313	0.0
0.9970318178827627	0.0
0.9982672972109942	0.0
0.9995027765392256	0.0
1.000738255867457	0.0
1.0019737351956883	0.0
1.0032092145239198	0.0
1.0044446938521512	0.0
1.0056801731803826	0.0
1.006915652508614	0.0
1.0081511318368455	0.0
1.0093866111650769	0.0
1.0106220904933083	0.0
1.01185756982154	0.0
1.0130930491497714	0.0
1.0143285284780028	0.0
1.0155640078062342	0.0
1.0167994871344657	0.0
1.018034966462697	0.0
1.0192704457909285	0.0
1.02050592511916	0.0
1.0217414044473914	0.0
1.0229768837756228	0.0
1.0242123631038542	0.0
1.0254478424320856	0.0
1.026683321760317	0.0
1.0279188010885485	0.0
1.02915428041678	0.0
1.0303897597450113	0.0
1.0316252390732428	0.0
1.0328607184014742	0.0
1.0340961977297056	0.0
1.035331677057937	0.0
1.0365671563861685	0.0
1.0378026357144	0.0
1.0390381150426313	0.0
1.0402735943708628	0.0
1.0415090736990942	0.0
1.0427445530273256	0.0
1.043980032355557	0.0
1.0452155116837885	0.0
1.0464509910120199	0.0
1.0476864703402513	0.0
1.0489219496684827	0.0
1.0501574289967142	0.0
1.0513929083249456	0.0
1.052628387653177	0.0
1.0538638669814084	0.0
1.0550993463096399	0.0
1.0563348256378713	0.0
1.0575703049661027	0.0
1.0588057842943341	0.0
1.0600412636225656	0.0
1.061276742950797	0.0
1.0625122222790284	0.0
1.0637477016072598	0.0007719063319104024
1.0649831809354913	0.0
1.0662186602637227	0.0
1.0674541395919541	0.0
1.0686896189201855	0.0
1.069925098248417	0.0
1.0711605775766484	0.0
1.0723960569048798	0.0
1.0736315362331112	0.0
1.0748670155613427	0.0
1.076102494889574	0.0
1.0773379742178055	0.0
1.078573453546037	0.0
1.0798089328742684	0.0
1.0810444122024998	0.0
1.0822798915307312	0.0
1.0835153708589627	0.0
1.084750850187194	0.0
1.0859863295154255	0.0
1.087221808843657	0.0
1.0884572881718884	0.0
1.0896927675001198	0.0
1.0909282468283512	0.0
1.0921637261565826	0.0
1.093399205484814	0.0
1.0946346848130455	0.0
1.095870164141277	0.0
1.0971056434695083	0.0
1.0983411227977398	0.0
1.0995766021259712	0.0
1.1008120814542026	0.0
1.102047560782434	0.0
1.1032830401106655	0.0
1.104518519438897	0.0
1.1057539987671283	0.0
1.1069894780953597	0.0
1.1082249574235912	0.0
1.1094604367518226	0.0
1.110695916080054	0.0
1.1119313954082855	0.0
1.1131668747365169	0.0
1.1144023540647483	0.0
1.1156378333929797	0.0
1.1168733127212112	0.0
1.1181087920494428	0.0
1.1193442713776742	0.0
1.1205797507059057	0.0
1.121815230034137	0.0
1.1230507093623685	0.0
1.1242861886906	0.0
1.1255216680188314	0.0
1.1267571473470628	0.0
1.1279926266752942	0.0
1.1292281060035256	0.0
1.130463585331757	0.0
1.1316990646599885	0.0
1.13293454398822	0.0
1.1341700233164513	0.0
1.1354055026446828	0.0
1.1366409819729142	0.0
1.1378764613011456	0.0
1.139111940629377	0.0
1.1403474199576085	0.0007719063319104024
1.14158289928584	0.0
1.1428183786140713	0.0
1.1440538579423027	0.0
1.1452893372705342	0.0
1.1465248165987656	0.0
1.147760295926997	0.0
1.1489957752552284	0.0
1.1502312545834599	0.0
1.1514667339116913	0.0
1.1527022132399227	0.0
1.1539376925681541	0.0
1.1551731718963856	0.0
1.156408651224617	0.0
1.1576441305528484	0.0
1.1588796098810799	0.0
1.1601150892093113	0.0
1.1613505685375427	0.0
1.1625860478657741	0.0
1.1638215271940056	0.0
1.165057006522237	0.0
1.1662924858504684	0.0
1.1675279651786998	0.0
1.1687634445069313	0.0
1.1699989238351627	0.0
1.1712344031633941	0.0
1.1724698824916255	0.0
1.173705361819857	0.0
1.1749408411480884	0.0
1.1761763204763198	0.0
1.1774117998045512	0.0
1.1786472791327827	0.0
1.179882758461014	0.0
1.1811182377892455	0.0
1.182353717117477	0.0
1.1835891964457084	0.0
1.1848246757739398	0.0
1.1860601551021712	0.0
1.1872956344304026	0.0
1.188531113758634	0.0
1.1897665930868655	0.0
1.191002072415097	0.0
1.1922375517433283	0.0
1.1934730310715598	0.0
1.1947085103997912	0.0
1.1959439897280226	0.0
1.197179469056254	0.0
1.1984149483844855	0.0
1.199650427712717	0.0
1.2008859070409483	0.0
1.2021213863691798	0.0
1.2033568656974112	0.0
1.2045923450256426	0.0
1.205827824353874	0.0
1.2070633036821055	0.0
1.2082987830103369	0.0
1.2095342623385683	0.0
1.2107697416667997	0.0
1.2120052209950312	0.0
1.2132407003232626	0.0
1.214476179651494	0.0
1.2157116589797254	0.0
1.2169471383079569	0.0
1.2181826176361883	0.0
1.2194180969644197	0.0
1.2206535762926511	0.0
1.2218890556208826	0.0
1.223124534949114	0.0
1.2243600142773456	0.0
1.225595493605577	0.0
1.2268309729338085	0.0
1.22806645226204	0.0
1.2293019315902713	0.0
1.2305374109185028	0.0
1.2317728902467342	0.0
1.2330083695749656	0.0007719063319104024
1.234243848903197	0.0
1.2354793282314285	0.0
1.23671480755966	0.0
1.2379502868878913	0.0
1.2391857662161228	0.0
1.2404212455443542	0.0
1.2416567248725856	0.0
1.242892204200817	0.0
1.2441276835290485	0.0
1.2453631628572799	0.0
1.2465986421855113	0.0
1.2478341215137427	0.0
1.2490696008419742	0.0
1.2503050801702056	0.0
1.251540559498437	0.0
1.2527760388266684	0.0
1.2540115181548999	0.0
1.2552469974831313	0.0
1.2564824768113627	0.0
1.2577179561395941	0.0
1.2589534354678256	0.0
1.260188914796057	0.0
1.2614243941242884	0.0
1.2626598734525198	0.0
1.2638953527807513	0.0
1.2651308321089827	0.0
1.2663663114372141	0.0
1.2676017907654455	0.0007719063319104024
1.268837270093677	0.0
1.2700727494219084	0.0
1.2713082287501398	0.0015438126638208048
1.2725437080783712	0.0
1.2737791874066027	0.0015438126638208048
1.275014666734834	0.0
1.2762501460630655	0.0
1.277485625391297	0.0
1.2787211047195284	0.0
1.2799565840477598	0.0
1.2811920633759912	0.0
1.2824275427042227	0.0
1.283663022032454	0.0
1.2848985013606855	0.0
1.286133980688917	0.0
1.2873694600171484	0.0
1.2886049393453798	0.0007719063319104024
1.2898404186736112	0.0
1.2910758980018426	0.0
1.292311377330074	0.0
1.2935468566583055	0.0
1.294782335986537	0.0
1.2960178153147683	0.0
1.2972532946429998	0.0
1.2984887739712312	0.0
1.2997242532994626	0.0
1.300959732627694	0.0
1.3021952119559255	0.0
1.303430691284157	0.0
1.3046661706123883	0.0007719063319104024
1.3059016499406197	0.0
1.3071371292688512	0.0
1.3083726085970826	0.0
1.309608087925314	0.0
1.3108435672535454	0.0
1.3120790465817769	0.0
1.3133145259100083	0.0
1.3145500052382397	0.0
1.3157854845664712	0.0
1.3170209638947026	0.0007719063319104024
1.318256443222934	0.0
1.3194919225511654	0.0
1.3207274018793969	0.0
1.3219628812076283	0.0
1.3231983605358597	0.0
1.3244338398640911	0.0
1.3256693191923226	0.0
1.326904798520554	0.0
1.3281402778487854	0.0
1.3293757571770168	0.0
1.3306112365052483	0.0
1.33184671583348	0.0007719063319104024
1.3330821951617113	0.0007719063319104024
1.3343176744899428	0.0
1.3355531538181742	0.0015438126638208048
1.3367886331464056	0.0007719063319104024
1.338024112474637	0.0
1.3392595918028685	0.0
1.3404950711311	0.0007719063319104024
1.3417305504593313	0.0
1.3429660297875627	0.0
1.3442015091157942	0.0
1.3454369884440256	0.0
1.346672467772257	0.0007719063319104024
1.3479079471004884	0.0007719063319104024
1.3491434264287199	0.0
1.3503789057569513	0.0
1.3516143850851827	0.0
1.3528498644134141	0.0007719063319104024
1.3540853437416456	0.0007719063319104024
1.355320823069877	0.0007719063319104024
1.3565563023981084	0.0
1.3577917817263399	0.0
1.3590272610545713	0.0
1.3602627403828027	0.0
1.3614982197110341	0.0
1.3627336990392656	0.0015438126638208048
1.363969178367497	0.002315718995731207
1.3652046576957284	0.002315718995731207
1.3664401370239598	0.0
1.3676756163521913	0.0015438126638208048
1.3689110956804227	0.0007719063319104024
1.370146575008654	0.0
1.3713820543368855	0.0007719063319104024
1.372617533665117	0.0
1.3738530129933484	0.0007719063319104024
1.3750884923215798	0.0030876253276416097
1.3763239716498112	0.0
1.3775594509780427	0.0
1.378794930306274	0.0007719063319104024
1.3800304096345055	0.0007719063319104024
1.381265888962737	0.0
1.3825013682909684	0.0007719063319104024
1.3837368476191998	0.0015438126638208048
1.3849723269474312	0.0
1.3862078062756626	0.0
1.387443285603894	0.0
1.3886787649321255	0.0
1.389914244260357	0.0007719063319104024
1.3911497235885883	0.0007719063319104024
1.3923852029168198	0.0007719063319104024
1.3936206822450512	0.0
1.3948561615732826	0.0015438126638208048
1.396091640901514	0.0
1.3973271202297455	0.0
1.398562599557977	0.0
1.3997980788862083	0.0
1.4010335582144398	0.0015438126638208048
1.4022690375426712	0.0007719063319104024
1.4035045168709026	0.0
1.404739996199134	0.0
1.4059754755273655	0.0007719063319104024
1.4072109548555969	0.0015438126638208048
1.4084464341838283	0.0007719063319104024
1.4096819135120597	0.0015438126638208048
1.4109173928402912	0.0
1.4121528721685226	0.0
1.413388351496754	0.0
1.4146238308249854	0.0030876253276416097
1.4158593101532169	0.0007719063319104024
1.4170947894814483	0.0015438126638208048
1.4183302688096797	0.0
1.4195657481379111	0.0007719063319104024
1.4208012274661426	0.0
1.422036706794374	0.0
1.4232721861226054	0.0
1.4245076654508368	0.0
1.4257431447790683	0.0
1.4269786241072997	0.002315718995731207
1.4282141034355311	0.0007719063319104024
1.4294495827637625	0.0007719063319104024
1.430685062091994	0.0
1.4319205414202254	0.0007719063319104024
1.4331560207484568	0.0015438126638208048
1.4343915000766883	0.0015438126638208048
1.4356269794049197	0.0007719063319104024
1.436862458733151	0.002315718995731207
1.4380979380613828	0.0007719063319104024
1.4393334173896142	0.0
1.4405688967178456	0.0
1.441804376046077	0.0007719063319104024
1.4430398553743085	0.0
1.4442753347025399	0.0015438126638208048
1.4455108140307713	0.0015438126638208048
1.4467462933590027	0.002315718995731207
1.4479817726872342	0.002315718995731207
1.4492172520154656	0.0015438126638208048
1.450452731343697	0.0007719063319104024
1.4516882106719284	0.0015438126638208048
1.4529236900001599	0.0030876253276416097
1.4541591693283913	0.0
1.4553946486566227	0.0
1.4566301279848541	0.002315718995731207
1.4578656073130856	0.0015438126638208048
1.459101086641317	0.0
1.4603365659695484	0.0007719063319104024
1.4615720452977798	0.0015438126638208048
1.4628075246260113	0.0007719063319104024
1.4640430039542427	0.0030876253276416097
1.4652784832824741	0.0015438126638208048
1.4665139626107055	0.0007719063319104024
1.467749441938937	0.0015438126638208048
1.4689849212671684	0.0007719063319104024
1.4702204005953998	0.0015438126638208048
1.4714558799236312	0.0015438126638208048
1.4726913592518627	0.0007719063319104024
1.473926838580094	0.002315718995731207
1.4751623179083255	0.002315718995731207
1.476397797236557	0.0015438126638208048
1.4776332765647884	0.0015438126638208048
1.4788687558930198	0.002315718995731207
1.4801042352212512	0.0
1.4813397145494827	0.0030876253276416097
1.482575193877714	0.0015438126638208048
1.4838106732059455	0.0007719063319104024
1.485046152534177	0.0
1.4862816318624084	0.0007719063319104024
1.4875171111906398	0.0
1.4887525905188712	0.0
1.4899880698471026	0.0007719063319104024
1.491223549175334	0.002315718995731207
1.4924590285035655	0.002315718995731207
1.493694507831797	0.002315718995731207
1.4949299871600283	0.0015438126638208048
1.4961654664882598	0.0015438126638208048
1.4974009458164912	0.002315718995731207
1.4986364251447226	0.002315718995731207
1.499871904472954	0.002315718995731207
1.5011073838011855	0.0007719063319104024
1.502342863129417	0.0007719063319104024
1.5035783424576483	0.0015438126638208048
1.5048138217858797	0.002315718995731207
1.5060493011141112	0.0015438126638208048
1.5072847804423426	0.0015438126638208048
1.508520259770574	0.004631437991462414
1.5097557390988054	0.0015438126638208048
1.5109912184270369	0.0015438126638208048
1.5122266977552683	0.0015438126638208048
1.5134621770834997	0.0007719063319104024
1.5146976564117312	0.0007719063319104024
1.5159331357399626	0.002315718995731207
1.517168615068194	0.004631437991462414
1.5184040943964254	0.0007719063319104024
1.5196395737246569	0.002315718995731207
1.5208750530528883	0.0007719063319104024
1.5221105323811197	0.005403344323372817
1.5233460117093511	0.002315718995731207
1.5245814910375826	0.0015438126638208048
1.525816970365814	0.0015438126638208048
1.5270524496940454	0.0015438126638208048
1.5282879290222768	0.003859531659552012
1.5295234083505083	0.0007719063319104024
1.5307588876787397	0.003859531659552012
1.5319943670069711	0.0030876253276416097
1.5332298463352025	0.0015438126638208048
1.534465325663434	0.0015438126638208048
1.5357008049916654	0.0007719063319104024
1.5369362843198968	0.0015438126638208048
1.5381717636481282	0.004631437991462414
1.5394072429763597	0.003859531659552012
1.540642722304591	0.002315718995731207
1.5418782016328225	0.0030876253276416097
1.543113680961054	0.004631437991462414
1.5443491602892856	0.0030876253276416097
1.545584639617517	0.0030876253276416097
1.5468201189457484	0.006175250655283219
1.5480555982739799	0.005403344323372817
1.5492910776022113	0.0030876253276416097
1.5505265569304427	0.004631437991462414
1.5517620362586741	0.004631437991462414
1.5529975155869056	0.004631437991462414
1.554232994915137	0.006175250655283219
1.5554684742433684	0.005403344323372817
1.5567039535715999	0.0030876253276416097
1.5579394328998313	0.0007719063319104024
1.5591749122280627	0.004631437991462414
1.5604103915562941	0.006175250655283219
1.5616458708845256	0.0015438126638208048
1.562881350212757	0.002315718995731207
1.5641168295409884	0.003859531659552012
1.5653523088692198	0.003859531659552012
1.5665877881974513	0.004631437991462414
1.5678232675256827	0.0030876253276416097
1.569058746853914	0.0030876253276416097
1.5702942261821455	0.006175250655283219
1.571529705510377	0.003859531659552012
1.5727651848386084	0.005403344323372817
1.5740006641668398	0.002315718995731207
1.5752361434950712	0.0030876253276416097
1.5764716228233027	0.008490969651014427
1.577707102151534	0.004631437991462414
1.5789425814797655	0.003859531659552012
1.580178060807997	0.007719063319104024
1.5814135401362284	0.0069471569871936215
1.5826490194644598	0.002315718995731207
1.5838844987926912	0.007719063319104024
1.5851199781209226	0.003859531659552012
1.586355457449154	0.0030876253276416097
1.5875909367773855	0.006175250655283219
1.588826416105617	0.0030876253276416097
1.5900618954338483	0.003859531659552012
1.5912973747620798	0.004631437991462414
1.5925328540903112	0.003859531659552012
1.5937683334185426	0.006175250655283219
1.595003812746774	0.009262875982924829
1.5962392920750055	0.003859531659552012
1.597474771403237	0.003859531659552012
1.5987102507314683	0.0030876253276416097
1.5999457300596998	0.008490969651014427
1.6011812093879312	0.006175250655283219
1.6024166887161626	0.005403344323372817
1.603652168044394	0.005403344323372817
1.6048876473726255	0.005403344323372817
1.6061231267008569	0.004631437991462414
1.6073586060290883	0.005403344323372817
1.6085940853573197	0.010806688646745635
1.6098295646855512	0.0030876253276416097
1.6110650440137826	0.006175250655283219
1.612300523342014	0.006175250655283219
1.6135360026702454	0.005403344323372817
1.6147714819984769	0.005403344323372817
1.6160069613267083	0.009262875982924829
1.6172424406549397	0.009262875982924829
1.6184779199831711	0.0069471569871936215
1.6197133993114026	0.008490969651014427
1.620948878639634	0.010806688646745635
1.6221843579678654	0.003859531659552012
1.6234198372960968	0.003859531659552012
1.6246553166243283	0.011578594978656036
1.6258907959525597	0.006175250655283219
1.6271262752807911	0.006175250655283219
1.6283617546090225	0.007719063319104024
1.629597233937254	0.007719063319104024
1.6308327132654854	0.007719063319104024
1.6320681925937168	0.011578594978656036
1.6333036719219483	0.008490969651014427
1.6345391512501797	0.008490969651014427
1.635774630578411	0.013122407642476842
1.6370101099066425	0.009262875982924829
1.638245589234874	0.010034782314835232
1.6394810685631054	0.005403344323372817
1.6407165478913368	0.009262875982924829
1.6419520272195682	0.015438126638208049
1.6431875065477997	0.011578594978656036
1.644422985876031	0.010806688646745635
1.6456584652042625	0.010034782314835232
1.646893944532494	0.008490969651014427
1.6481294238607254	0.009262875982924829
1.6493649031889568	0.008490969651014427
1.6506003825171884	0.010034782314835232
1.6518358618454199	0.011578594978656036
1.6530713411736513	0.009262875982924829
1.6543068205018827	0.006175250655283219
1.6555422998301141	0.010806688646745635
1.6567777791583456	0.009262875982924829
1.658013258486577	0.007719063319104024
1.6592487378148084	0.011578594978656036
1.6604842171430398	0.008490969651014427
1.6617196964712713	0.006175250655283219
1.6629551757995027	0.012350501310566439
1.6641906551277341	0.010034782314835232
1.6654261344559655	0.009262875982924829
1.666661613784197	0.013894313974387243
1.6678970931124284	0.014666220306297646
1.6691325724406598	0.010034782314835232
1.6703680517688912	0.0069471569871936215
1.6716035310971227	0.011578594978656036
1.672839010425354	0.010806688646745635
1.6740744897535855	0.013122407642476842
1.675309969081817	0.012350501310566439
1.6765454484100484	0.004631437991462414
1.6777809277382798	0.013122407642476842
1.6790164070665112	0.014666220306297646
1.6802518863947427	0.010806688646745635
1.681487365722974	0.011578594978656036
1.6827228450512055	0.010806688646745635
1.683958324379437	0.010806688646745635
1.6851938037076684	0.010034782314835232
1.6864292830358998	0.013894313974387243
1.6876647623641312	0.018525751965849657
1.6889002416923626	0.018525751965849657
1.690135721020594	0.015438126638208049
1.6913712003488255	0.017753845633939256
1.692606679677057	0.010034782314835232
1.6938421590052883	0.014666220306297646
1.6950776383335198	0.01621003297011845
1.6963131176617512	0.018525751965849657
1.6975485969899826	0.020069564629670463
1.698784076318214	0.01621003297011845
1.7000195556464455	0.017753845633939256
1.701255034974677	0.012350501310566439
1.7024905143029083	0.013894313974387243
1.7037259936311397	0.020069564629670463
1.7049614729593712	0.01621003297011845
1.7061969522876026	0.020841470961580864
1.707432431615834	0.030104346944505693
1.7086679109440654	0.019297658297760062
1.7099033902722969	0.017753845633939256
1.7111388696005283	0.02547290895304328
1.7123743489287597	0.013122407642476842
1.7136098282569912	0.016981939302028855
1.7148453075852226	0.02315718995731207
1.716080786913454	0.02315718995731207
1.7173162662416854	0.02161337729349127
1.7185517455699169	0.016981939302028855
1.7197872248981483	0.024701002621132877
1.7210227042263797	0.029332440612595292
1.7222581835546111	0.033191972272147305
1.7234936628828426	0.026244815284953683
1.724729142211074	0.02315718995731207
1.7259646215393054	0.030876253276416098
1.7272001008675368	0.020841470961580864
1.7284355801957683	0.02161337729349127
1.7296710595239997	0.033191972272147305
1.7309065388522311	0.024701002621132877
1.7321420181804625	0.024701002621132877
1.733377497508694	0.023929096289222476
1.7346129768369254	0.02238528362540167
1.7358484561651568	0.030104346944505693
1.7370839354933882	0.027788627948774486
1.7383194148216197	0.03396387860405771
1.739554894149851	0.026244815284953683
1.7407903734780825	0.029332440612595292
1.742025852806314	0.023929096289222476
1.7432613321345454	0.02547290895304328
1.7444968114627768	0.030876253276416098
1.7457322907910082	0.0324200659402369
1.7469677701192396	0.030104346944505693
1.748203249447471	0.03396387860405771
1.7494387287757025	0.026244815284953683
1.750674208103934	0.033191972272147305
1.7519096874321654	0.027016721616864085
1.7531451667603968	0.030104346944505693
1.7543806460886282	0.04631437991462414
1.7556161254168596	0.030104346944505693
1.7568516047450913	0.027788627948774486
1.7580870840733227	0.0316481596083265
1.7593225634015541	0.0316481596083265
1.7605580427297856	0.03627959759978892
1.761793522058017	0.038595316595520124
1.7630290013862484	0.03550769126787851
1.7642644807144798	0.05712106856136978
1.7654999600427113	0.03782341026360972
1.7667354393709427	0.04245484825507213
1.767970918699174	0.045542473582713745
1.7692063980274055	0.03473578493596811
1.770441877355637	0.04091103559125133
1.7716773566838684	0.049402005242265755
1.7729128360120998	0.038595316595520124
1.7741483153403312	0.049402005242265755
1.7753837946685627	0.04091103559125133
1.776619273996794	0.04168294192316173
1.7778547533250255	0.04863009891035535
1.779090232653257	0.05094581790608656
1.7803257119814884	0.05017391157417616
1.7815611913097198	0.045542473582713745
1.7827966706379512	0.04245484825507213
1.7840321499661826	0.049402005242265755
1.785267629294414	0.05248963056990737
1.7865031086226455	0.05017391157417616
1.787738587950877	0.04322675458698254
1.7889740672791083	0.053261536901817765
1.7902095466073398	0.040139129259340926
1.7914450259355712	0.05171772423799696
1.7926805052638026	0.03782341026360972
1.793915984592034	0.05094581790608656
1.7951514639202655	0.04322675458698254
1.796386943248497	0.05403344323372817
1.7976224225767283	0.04245484825507213
1.7988579019049598	0.0648401318804738
1.8000933812331912	0.05943678755710099
1.8013288605614226	0.05557725589754897
1.802564339889654	0.04863009891035535
1.8037998192178855	0.061752506552832195
1.8050352985461169	0.049402005242265755
1.8062707778743483	0.0656120382123842
1.8075062572025797	0.04863009891035535
1.8087417365308112	0.07719063319104025
1.8099772158590426	0.0625244128847426
1.811212695187274	0.0625244128847426
1.8124481745155054	0.060208693889011386
1.8136836538437369	0.06098060022092179
1.8149191331719683	0.07564682052721944
1.8161546125001997	0.060208693889011386
1.8173900918284311	0.07255919519957783
1.8186255711566626	0.0625244128847426
1.819861050484894	0.061752506552832195
1.8210965298131254	0.063296319216653
1.8223320091413568	0.08182207118250266
1.8235674884695883	0.056349162229459376
1.8248029677978197	0.06869966354002581
1.8260384471260511	0.07487491419530903
1.8272739264542825	0.08182207118250266
1.828509405782514	0.07641872685912984
1.8297448851107454	0.07101538253575702
1.8309803644389768	0.07410300786339863
1.8322158437672083	0.07410300786339863
1.8334513230954397	0.07333110153148822
1.834686802423671	0.06869966354002581
1.8359222817519025	0.08027825851868185
1.837157761080134	0.08413779017823386
1.8383932404083654	0.07487491419530903
1.8396287197365968	0.07564682052721944
1.8408641990648282	0.08182207118250266
1.8420996783930597	0.08413779017823386
1.843335157721291	0.07719063319104025
1.8445706370495225	0.09340066616115869
1.845806116377754	0.08490969651014427
1.8470415957059854	0.08954113450160668
1.8482770750342168	0.09031304083351709
1.8495125543624482	0.08799732183778587
1.8507480336906796	0.09262875982924829
1.851983513018911	0.07641872685912984
1.8532189923471425	0.08876922816969628
1.854454471675374	0.09340066616115869
1.8556899510036053	0.0972601978207107
1.8569254303318368	0.0941725724930691
1.8581609096600682	0.09262875982924829
1.8593963889882996	0.0941725724930691
1.860631868316531	0.10961069913127715
1.8618673476447625	0.09880401048453151
1.863102826972994	0.09340066616115869
1.8643383063012255	0.10883879279936674
1.865573785629457	0.0949444788249795
1.8668092649576884	0.11501404345464997
1.8680447442859198	0.11424213712273956
1.8692802236141512	0.11115451179509794
1.8705157029423827	0.10729498013554593
1.871751182270614	0.11732976245038117
1.8729866615988455	0.10729498013554593
1.874222140927077	0.10961069913127715
1.8754576202553084	0.11810166878229157
1.8766930995835398	0.11964548144611238
1.8779285789117712	0.11578594978656036
1.8791640582400027	0.126592638433306
1.880399537568234	0.130452170092858
1.8816350168964655	0.14280267140342445
1.882870496224697	0.12041738777802277
1.8841059755529284	0.1273645447652164
1.8853414548811598	0.13199598275667881
1.8865769342093912	0.13276788908858922
1.8878124135376226	0.14280267140342445
1.889047892865854	0.1296802637609476
1.8902833721940855	0.13971504607578283
1.891518851522317	0.1296802637609476
1.8927543308505483	0.14820601572679726
1.8939898101787798	0.11810166878229157
1.8952252895070112	0.1590127043735429
1.8964607688352426	0.15206554738634928
1.897696248163474	0.1296802637609476
1.8989317274917055	0.15592507904590128
1.900167206819937	0.1651879550288261
1.9014026861481683	0.16827558035646772
1.9026381654763997	0.1659598613607365
1.9038736448046312	0.17908226900321336
1.9051091241328626	0.18139798799894458
1.906344603461094	0.16287223603309492
1.9075800827893254	0.17522273734366134
1.9088155621175569	0.1914327703137798
1.9100510414457883	0.16364414236500532
1.9112865207740197	0.17059129935219894
1.9125220001022512	0.16827558035646772
1.9137574794304826	0.1914327703137798
1.914992958758714	0.18448561332658617
1.9162284380869454	0.16904748668837813
1.9174639174151769	0.20069564629670464
1.9186993967434083	0.1906608639818694
1.9199348760716397	0.19837992730097342
1.9211703553998711	0.17599464367557174
1.9224058347281026	0.18602942599040698
1.923641314056334	0.1906608639818694
1.9248767933845654	0.1883451449861382
1.9261122727127968	0.20378327162434623
1.9273477520410283	0.2199933045944647
1.9285832313692597	0.18139798799894458
1.9298187106974911	0.19683611463715261
1.9310541900257225	0.20378327162434623
1.932289669353954	0.20609899062007744
1.9335251486821854	0.2184494919306439
1.9347606280104168	0.20146755262861504
1.9359961073386482	0.23002808690929993
1.9372315866668797	0.24006286922413517
1.938467065995111	0.22694046158165831
1.9397025453233425	0.2199933045944647
1.940938024651574	0.23851905656031436
1.9421735039798054	0.23311571223694152
1.9434089833080368	0.23851905656031436
1.9446444626362682	0.23851905656031436
1.9458799419644996	0.24623811987941838
1.947115421292731	0.2732548414962825
1.9483509006209625	0.23388761856885193
1.949586379949194	0.27248293516437205
1.9508218592774254	0.27479865416010324
1.9520573386056568	0.24701002621132878
1.9532928179338882	0.2578167148580744
1.9545282972621196	0.26399196551335763
1.955763776590351	0.2771143731558345
1.9569992559185825	0.29023678079831133
1.958234735246814	0.2802019984834761
1.9594702145750453	0.29178059346213214
1.9607056939032768	0.30644681376842975
1.9619411732315082	0.2879210618025801
1.9631766525597396	0.29178059346213214
1.964412131887971	0.2933244061259529
1.9656476112162025	0.3195692214109066
1.9668830905444339	0.29872775044932576
1.9681185698726653	0.2933244061259529
1.9693540492008967	0.3172535024151754
1.9705895285291284	0.3388668797086667
1.9718250078573598	0.2809739048153865
1.9730604871855912	0.3465859430277707
1.9742959665138227	0.3172535024151754
1.975531445842054	0.33269162905338345
1.9767669251702855	0.34349831770012906
1.978002404498517	0.3512173810192331
1.9792378838267484	0.3427264113682187
1.9804733631549798	0.3550769126787851
1.9817088424832112	0.36279597599788915
1.9829443218114426	0.36433978866170996
1.984179801139674	0.3782341026360972
1.9854152804679055	0.38440935329138043
1.986650759796137	0.3959879482700364
1.9878862391243683	0.3728307583127244
1.9891217184525998	0.3782341026360972
1.9903571977808312	0.36588360132553077
1.9915926771090626	0.3890407912828428
1.992828156437294	0.3921284166104844
1.9940636357655255	0.38363744695947
1.995299115093757	0.41991704455925893
1.9965345944219883	0.39830366726576766
1.9977700737502198	0.4114260749082445
1.9990055530784512	0.40911035591251327
2.0002410324066826	0.42377657621881093
2.001476511734914	0.38363744695947
2.0027119910631455	0.4484775788399438
2.0039474703913767	0.42917992054218373
2.0051829497196083	0.450793297835675
2.0064184290478395	0.4183732318954381
2.007653908376071	0.47317858146107666
2.0088893877043024	0.4724066751291663
2.010124867032534	0.46314379914624143
2.011360346360765	0.48707289543546395
2.012595825688997	0.5017391157417616
2.013831305017228	0.49402005242265756
2.0150667843454597	0.48707289543546395
2.016302263673691	0.521808680371432
2.0175377430019226	0.506370553733224
2.0187732223301538	0.49865149041412
2.0200087016583854	0.5233524930352529
2.0212441809866166	0.546509682992565
2.0224796603148483	0.49479195875456794
2.02371513964308	0.546509682992565
2.024950618971311	0.5357029943458193
2.0261860982995428	0.550369214652117
2.027421577627774	0.5472815893244753
2.0286570569560056	0.5604039969669522
2.029892536284237	0.5565444653074001
2.0311280156124685	0.5611759032988626
2.0323634949406997	0.5634916222945938
2.0335989742689313	0.5665792476222353
2.0348344535971625	0.569666872949877
2.036069932925394	0.5959116882348306
2.0373054122536254	0.6422260681494548
2.038540891581857	0.5820173742604434
2.0397763709100882	0.6182969718602324
2.04101185023832	0.6121217212049491
2.042247329566551	0.656120382123842
2.0434828088947827	0.6306474731707988
2.044718288223014	0.6260160351793363
2.0459537675512456	0.6615237264472149
2.047189246879477	0.684680916404527
2.0484247262077084	0.7186447950085847
2.0496602055359396	0.6800494784130645
2.0508956848641713	0.7155571696809431
2.0521311641924025	0.7418019849658968
2.053366643520634	0.771134425578492
2.0546021228488653	0.7363986406425239
2.055837602177097	0.6985752303789142
2.057073081505328	0.7348548279787032
2.05830856083356	0.76727489391894
2.059544040161791	0.7641872685912984
2.0607795194900227	0.7464334229573591
2.062014998818254	0.7719063319104025
2.0632504781464855	0.774993957238044
2.0644859574747167	0.8375183701227866
2.0657214368029484	0.7873444585486105
2.0669569161311796	0.8375183701227866
2.0681923954594112	0.7827130205571481
2.0694278747876425	0.8066421168463705
2.070663354115874	0.8591317474162778
2.0718988334441053	0.9039023146670813
2.073134312772337	0.866850810735382
2.074369792100568	0.8807451247097692
2.0756052714288	0.893867532352246
2.076840750757031	0.8969551576798876
2.0780762300852627	0.9039023146670813
2.079311709413494	0.9262875982924829
2.0805471887417255	0.9278314109563037
2.0817826680699567	0.9262875982924829
2.0830181473981884	0.8830608437055004
2.0842536267264196	0.9718300718751967
2.085489106054651	0.9509886009136158
2.0867245853828824	0.9355504742754077
2.087960064711114	0.9772334161985695
2.0891955440393453	1.0181444517898208
2.090431023367577	1.0173725454579103
2.091666502695808	1.020460170785552
2.0929019820240398	1.0374421100875808
2.094137461352271	1.0775812393469217
2.0953729406805026	1.1455089965550371
2.096608420008734	1.0490207050662368
2.0978438993369655	1.0822126773383842
2.0990793786651967	1.1269832445891876
2.1003148579934283	1.1154046496105314
2.1015503373216595	1.13161468258065
2.102785816649891	1.1192641812700834
2.1040212959781224	1.1686661865123493
2.105256775306354	1.2034019714483173
2.1064922546345852	1.17020999917617
2.107727733962817	1.1709819055080806
2.108963213291048	1.1655785611847076
2.1101986926192797	1.2234715360779878
2.111434171947511	1.235050131056644
2.1126696512757426	1.1925952828015718
2.113905130603974	1.2481725386991207
2.1151406099322054	1.2952588249456554
2.1163760892604366	1.2975745439413864
2.1176115685886683	1.30452170092858
2.1188470479168995	1.336941766868817
2.120082527245131	1.3068374199243113
2.1213180065733623	1.3014340756009384
2.122553485901594	1.3508360808432043
2.123788965229825	1.3516079871751145
2.125024444558057	1.3878875847749035
2.126259923886288	1.3979223670897387
2.1274954032145197	1.3477484555155625
2.128730882542751	1.3948347417620972
2.1299663618709825	1.5044454408933743
2.131201841199214	1.432658152025707
2.1324373205274454	1.4897792205870766
2.133672799855677	1.4774287192765103
2.1349082791839082	1.5121645042124783
2.13614375851214	1.5638822284504754
2.137379237840371	1.5677417601100274
2.1386147171686027	1.5831798867482354
2.139850196496834	1.5762327297610417
2.1410856758250656	1.5546193524675505
2.142321155153297	1.6302661729947698
2.1435566344815284	1.6264066413352178
2.1447921138097596	1.6032494513779059
2.1460275931379913	1.6480200186287093
2.1472630724662225	1.6704053022541108
2.148498551794454	1.6356695173181428
2.1497340311226854	1.7151758695049142
2.150969510450917	1.7506835607727926
2.152204989779148	1.6943343985433332
2.15344046910738	1.712860150509183
2.154675948435611	1.7684374064067319
2.1559114277638427	1.7962260343555065
2.157146907092074	1.7692093127386423
2.1583823864203056	1.7977698470193273
2.1596178657485368	1.8865390751890234
2.1608533450767684	1.8556628219126075
2.1620888244049996	1.770753125402463
2.1633243037332313	1.8610661662359802
2.1645597830614625	1.914327703137798
2.165795262389694	1.8896267005166651
2.1670307417179253	1.9467477690780348
2.168266221046157	2.006956462967046
2.169501700374388	2.015447432618061
2.17073717970262	2.0571303745412224
2.171972659030851	1.9668173337077053
2.1732081383590827	2.0347450909158207
2.174443617687314	1.9845711793416447
2.1756790970155455	2.077199939170893
2.1769145763437767	2.0856909088219076
2.1781500556720084	2.0609899062007746
2.1793855350002396	2.0918661594771906
2.180621014328471	2.095725691136743
2.1818564936567024	2.1258300380812485
2.183091972984934	2.1165671620983235
2.1843274523131653	2.184494919306439
2.185562931641397	2.2138273599190343
2.186798410969628	2.219230704242407
2.1880338902978598	2.2377564562082566
2.189269369626091	2.211511640923303
2.1905048489543226	2.314947089399297
2.191740328282554	2.2678608031527623
2.1929758076107855	2.384418659271233
2.1942112869390167	2.2933337121058055
2.1954467662672483	2.3851905656031436
2.1966822455954795	2.328841403373684
2.197917724923711	2.368980532633025
2.1991532042519424	2.5040641407173454
2.200388683580174	2.4322768518496782
2.2016241629084052	2.5364842066575823
2.202859642236637	2.4569778544708107
2.204095121564868	2.3998567859094413
2.2053306008930997	2.4677845431175567
2.206566080221331	2.6345163108102034
2.2078015595495626	2.5727638042573715
2.209037038877794	2.55037852063197
2.2102725182060254	2.6306567791506517
2.2115079975342566	2.650726343780322
2.2127434768624883	2.597464806878504
2.2139789561907195	2.688549754043932
2.215214435518951	2.663848751422799
2.2164499148471823	2.7495303542648535
2.217685394175414	2.7827223265370007
2.218920873503645	2.8051076101624024
2.220156352831877	2.6924092857034836
2.221391832160108	2.788897577192284
2.2226273114883397	2.802791891166671
2.223862790816571	2.719426007320348
2.2250982701448025	2.9741550968507804
2.2263337494730338	2.9525417195572894
2.2275692288012654	2.8892454003406365
2.2288047081294966	2.9394193119148126
2.2300401874577283	2.865316304051414
2.2312756667859595	2.950226000561558
2.232511146114191	2.9764708158465116
2.2337466254424223	2.9262969042723355
2.234982104770654	3.079134357990595
2.2362175840988856	3.118501580918026
2.237453063427117	3.0675557630119394
2.2386885427553485	3.0235571020930463
2.2399240220835797	3.147834021530621
2.2411595014118113	3.0081189754548383
2.2423949807400425	3.116957768254205
2.243630460068274	3.191832682449514
2.2448659393965054	3.168675492492202
2.246101418724737	3.193376495113335
2.247336898052968	3.1787102748070373
2.2485723773812	3.1733069304836645
2.249807856709431	3.2034112774281702
2.2510433360376627	3.2119022470791845
2.252278815365894	3.1949203077771555
2.2535142946941256	3.248181844678973
2.2547497740223568	3.2860052549425833
2.2559852533505884	3.2697952219724646
2.2572207326788196	3.3848092654271147
2.2584562120070513	3.2528132826704357
2.2596916913352825	3.3462139488315943
2.260927170663514	3.319969133546641
2.2621626499917453	3.459684179622424
2.263398129319977	3.3477577614954153
2.264633608648208	3.4535089289671403
2.26586908797644	3.3840373590952044
2.267104567304671	3.4095102680482476
2.2683400466329027	3.3770902021080107
2.269575525961134	3.4627718049500653
2.2708110052893655	3.473578493596811
2.2720464846175967	3.546909595128299
2.2732819639458284	3.435755083333201
2.2745174432740596	3.5299276558262704
2.2757529226022912	3.5183490608476142
2.2769884019305224	3.4496493973075886
2.278223881258754	3.556172471111224
2.2794593605869853	3.499051402549854
2.280694839915217	3.6032587573577586
2.281930319243448	3.5777858484047154
2.28316579857168	3.483613275911646
2.284401277899911	3.632591197970354
2.2856367572281426	3.56775106608988
2.286872236556374	3.621784509323608
2.2881077158846055	3.6163811650002353
2.2893431952128367	3.588592537051461
2.2905786745410683	3.5137176228561517
2.2918141538692995	3.6750460462254257
2.293049633197531	3.6819932032126195
2.2942851125257624	3.6302754789746228
2.295520591853994	3.622556415655519
2.2967560711822252	3.604030663689669
2.297991550510457	3.6526607626000245
2.299227029838688	3.598627319366296
2.3004625091669197	3.632591197970354
2.301697988495151	3.6009430383620273
2.3029334678233826	3.6796774842168882
2.304168947151614	3.5839610990599984
2.3054044264798454	3.6927998918593654
2.3066399058080767	3.6680988892382325
2.3078753851363083	3.614065446004504
2.3091108644645395	3.638766448625637
2.310346343792771	3.5137176228561517
2.3115818231210024	3.6526607626000245
2.312817302449234	3.594767787706744
2.314052781777465	3.6588360132553075
2.315288261105697	3.5245243115028977
2.316523740433928	3.671186514565874
2.3177592197621597	3.6148373523364143
2.318994699090391	3.6426259802851892
2.3202301784186226	3.613293539672594
2.3214656577468538	3.5916801623791024
2.3227011370750854	3.621784509323608
2.3239366164033166	3.4959637772222125
2.3251720957315483	3.5206647798433455
2.3264075750597795	3.540734344473016
2.327643054388011	3.554628658447403
2.3288785337162423	3.535331000149643
2.330114013044474	3.581645380064267
2.331349492372705	3.4156855187035307
2.332584971700937	3.6418540739532785
2.333820451029168	3.5777858484047154
2.3350559303573997	3.5029109342094062
2.336291409685631	3.4936480582264813
2.3375268890138625	3.427264113682187
2.3387623683420937	3.4249483946864556
2.3399978476703254	3.403335017392964
2.3412333269985566	3.3809497337675625
2.3424688063267882	3.3191972272147305
2.34370428565502	3.3477577614954153
2.344939764983251	3.3153376955551783
2.3461752443114827	3.2466380320151527
2.347410723639714	3.3076186322360743
2.3486462029679456	3.1640440545007396
2.3498816822961768	3.2535851890023464
2.3511171616244084	3.172535024151754
2.3523526409526396	3.234287530704586
2.3535881202808713	3.2860052549425833
2.3548235996091025	3.1632721481688293
2.356059078937334	3.2142179660749157
2.3572945582655653	3.133939707556234
2.358530037593797	2.9849617854975263
2.359765516922028	3.0436266667227168
2.36100099625026	3.092256765633072
2.362236475578491	3.0003999121357343
2.3634719549067227	2.9363316865871707
2.364707434234954	2.9934527551485406
2.3659429135631855	2.949454094229648
2.3671783928914167	2.8537377090727576
2.3684138722196484	2.87689489903007
2.3696493515478796	2.8491062710812955
2.3708848308761112	2.802791891166671
2.3721203102043424	2.7611089492435097
2.373355789532574	2.7734594505540757
2.3745912688608053	2.656901594435605
2.375826748189037	2.7163383819927063
2.377062227517268	2.7132507566650643
2.3782977068455	2.6291129664868307
2.379533186173731	2.6383758424697556
2.3807686655019626	2.518730361023643
2.382004144830194	2.485538388751496
2.3832396241584255	2.525677518010837
2.3844751034866567	2.4291892265220363
2.3857105828148883	2.402944411237083
2.3869460621431196	2.386734378266964
2.388181541471351	2.2956494311015367
2.3894170207995824	2.331929028701326
2.390652500127814	2.331157122369415
2.3918879794560453	2.2377564562082566
2.393123458784277	2.247791238523092
2.394358938112508	2.2393002688720776
2.3955944174407398	2.113479536770682
2.396829896768971	2.07102468851561
2.3980653760972026	2.1250581317493378
2.399300855425434	1.973764490694899
2.4005363347536655	1.9830273666778238
2.4017718140818967	1.93748489309511
2.4030072934101283	1.9058367334867836
2.4042427727383595	1.8031731913427
2.405478252066591	1.8440842269339515
2.4067137313948224	1.7622621557514488
2.407949210723054	1.8448561332658617
2.409184690051285	1.7722969380662839
2.410420169379517	1.6433885806372468
2.411655648707748	1.7344735278026742
2.4128911280359797	1.6642300515988275
2.414126607364211	1.593986575394981
2.4153620866924426	1.5816360740844146
2.4165975660206738	1.5206554738634928
2.4178330453489054	1.4666220306297646
2.4190685246771366	1.5245150055230448
2.4203040040053683	1.4349738710214381
2.4215394833335995	1.4264829013704237
2.422774962661831	1.3415732048602793
2.4240104419900623	1.2975745439413864
2.425245921318294	1.352379893507025
2.426481400646525	1.2759611666478952
2.427716879974757	1.2149805664269735
2.428952359302988	1.193367189133482
2.4301878386312197	1.1671223738485286
2.431423317959451	1.1115451179509794
2.4326587972876825	1.1285270572530084
2.4338942766159137	1.068318363363997
2.4351297559441454	1.0366702037556705
2.4363652352723766	1.0467049860705058
2.4376007146006082	1.0057939504792544
2.4388361939288394	0.9918996365048671
2.440071673257071	0.9471290692540638
2.4413071525853023	0.9216561603010205
2.442542631913534	0.9463571629221533
2.443778111241765	0.8714822487268443
2.445013590569997	0.8251678688122202
2.446249069898228	0.8282554941398618
2.4474845492264596	0.7950635218677145
2.4487200285546913	0.7927478028719833
2.4499555078829225	0.7456615166254488
2.451190987211154	0.7464334229573591
2.4524264665393853	0.6754180404216021
2.453661945867617	0.6507170378004692
2.454897425195848	0.6592080074514837
2.45613290452408	0.6221565035197844
2.457368383852311	0.5959116882348306
2.4586038631805427	0.5797016552647122
2.459839342508774	0.5611759032988626
2.4610748218370055	0.5009672094098512
2.4623103011652367	0.5272120246948049
2.4635457804934684	0.5341591816819985
2.4647812598216996	0.4901605207631055
2.4660167391499312	0.4762662067887183
2.4672522184781625	0.446933766176123
2.468487697806394	0.4206889508911693
2.4697231771346253	0.3975317609338572
2.470958656462857	0.38595316595520124
2.472194135791088	0.3851812596232908
2.47342961511932	0.3743745709765452
2.474665094447551	0.3427264113682187
2.4759005737757827	0.34041069237248744
2.477136053104014	0.32420065940236903
2.4783715324322455	0.30258728210887775
2.4796070117604767	0.3157096897513546
2.4808424910887084	0.29178059346213214
2.4820779704169396	0.26939530983673043
2.483313449745171	0.2593605275218952
2.4845489290734024	0.2223090235901959
2.485784408401634	0.24006286922413517
2.4870198877298653	0.22925618057738953
2.488255367058097	0.2261685552497479
2.489490846386328	0.20687089695198785
2.4907263257145598	0.18525751965849657
2.491961805042791	0.20146755262861504
2.4931972843710226	0.1891170513180486
2.494432763699254	0.1891170513180486
2.4956682430274855	0.16827558035646772
2.4969037223557167	0.14048695240769324
2.4981392016839483	0.14125885873960364
2.4993746810121795	0.13431170175241003
2.500610160340411	0.1536093600501701
2.5018456396686424	0.1312240764247684
2.503081118996874	0.12196120044184358
2.5043165983251052	0.12273310677375399
2.505552077653337	0.10806688646745634
2.506787556981568	0.10729498013554593
2.5080230363097997	0.10883879279936674
2.509258515638031	0.10189163581217311
2.5104939949662626	0.09880401048453151
2.511729474294494	0.10266354214408352
2.5129649536227254	0.09262875982924829
2.5142004329509566	0.07950635218677145
2.5154359122791883	0.06715585087620501
2.5166713916074195	0.06638394454429461
2.517906870935651	0.07333110153148822
2.5191423502638823	0.0640682255485634
2.520377829592114	0.05557725589754897
2.521613308920345	0.05789297489328018
2.522848788248577	0.05171772423799696
2.524084267576808	0.049402005242265755
2.5253197469050397	0.049402005242265755
2.526555226233271	0.04477056725080334
2.5277907055615025	0.04708628624653455
2.5290261848897337	0.04245484825507213
2.5302616642179654	0.0324200659402369
2.5314971435461966	0.03473578493596811
2.5327326228744282	0.03396387860405771
2.5339681022026594	0.027016721616864085
2.535203581530891	0.0324200659402369
2.5364390608591223	0.030876253276416098
2.537674540187354	0.037051503931699314
2.538910019515585	0.030104346944505693
2.540145498843817	0.02161337729349127
2.541380978172048	0.027016721616864085
2.5426164575002796	0.02238528362540167
2.543851936828511	0.01621003297011845
2.5450874161567425	0.02161337729349127
2.5463228954849737	0.01621003297011845
2.5475583748132054	0.015438126638208049
2.5487938541414366	0.013894313974387243
2.550029333469668	0.01621003297011845
2.5512648127978994	0.013122407642476842
2.552500292126131	0.012350501310566439
2.5537357714543623	0.008490969651014427
2.554971250782594	0.011578594978656036
2.5562067301108256	0.010034782314835232
2.5574422094390568	0.013122407642476842
2.5586776887672884	0.009262875982924829
2.5599131680955196	0.003859531659552012
2.5611486474237513	0.007719063319104024
2.5623841267519825	0.008490969651014427
2.563619606080214	0.011578594978656036
2.5648550854084453	0.006175250655283219
2.566090564736677	0.007719063319104024
2.567326044064908	0.005403344323372817
2.56856152339314	0.0069471569871936215
2.569797002721371	0.005403344323372817
2.5710324820496027	0.0069471569871936215
2.572267961377834	0.007719063319104024
2.5735034407060655	0.0069471569871936215
2.5747389200342967	0.004631437991462414
2.5759743993625284	0.002315718995731207
2.5772098786907596	0.002315718995731207
2.578445358018991	0.005403344323372817
2.5796808373472224	0.0
2.580916316675454	0.003859531659552012
2.5821517960036853	0.0007719063319104024
2.583387275331917	0.004631437991462414
2.584622754660148	0.0015438126638208048
2.5858582339883798	0.0007719063319104024
2.587093713316611	0.003859531659552012
2.5883291926448426	0.0015438126638208048
2.589564671973074	0.0
2.5908001513013055	0.004631437991462414
2.5920356306295367	0.0
2.5932711099577683	0.002315718995731207
2.5945065892859995	0.002315718995731207
2.595742068614231	0.0007719063319104024
2.5969775479424624	0.0015438126638208048
2.598213027270694	0.0
2.5994485065989252	0.0007719063319104024
2.600683985927157	0.002315718995731207
2.601919465255388	0.0015438126638208048
2.6031549445836197	0.0007719063319104024
2.604390423911851	0.0015438126638208048
2.6056259032400826	0.0007719063319104024
2.606861382568314	0.0007719063319104024
2.6080968618965454	0.0007719063319104024
2.6093323412247766	0.0
2.6105678205530083	0.0
2.6118032998812395	0.0007719063319104024
2.613038779209471	0.0015438126638208048
2.6142742585377023	0.0030876253276416097
2.615509737865934	0.0
2.616745217194165	0.0
2.617980696522397	0.0007719063319104024
2.619216175850628	0.0007719063319104024
2.6204516551788597	0.0
2.621687134507091	0.0
2.6229226138353225	0.0030876253276416097
2.6241580931635538	0.0
2.6253935724917854	0.0007719063319104024
2.6266290518200166	0.0
2.6278645311482483	0.0
2.6291000104764795	0.0007719063319104024
2.630335489804711	0.0
2.6315709691329423	0.0
2.632806448461174	0.0
2.634041927789405	0.0
2.635277407117637	0.0
2.636512886445868	0.0
2.6377483657740997	0.0
2.638983845102331	0.0
2.6402193244305625	0.0
2.6414548037587937	0.0
2.6426902830870254	0.0
2.6439257624152566	0.0
2.645161241743488	0.0
2.6463967210717194	0.0
2.647632200399951	0.0
2.6488676797281823	0.0
2.650103159056414	0.0
2.651338638384645	0.0
2.6525741177128768	0.0
2.653809597041108	0.0007719063319104024
2.6550450763693396	0.0
2.656280555697571	0.0
2.6575160350258025	0.0
2.6587515143540337	0.0
2.6599869936822653	0.0
2.6612224730104965	0.0
2.662457952338728	0.0
2.66369343166696	0.0
2.664928910995191	0.0
2.6661643903234227	0.0
2.667399869651654	0.0
2.6686353489798855	0.0
2.6698708283081167	0.0
2.6711063076363484	0.0
2.6723417869645796	0.0
2.6735772662928112	0.0
2.6748127456210424	0.0
2.676048224949274	0.0
2.6772837042775053	0.0
2.678519183605737	0.0
2.679754662933968	0.0
2.6809901422622	0.0
2.682225621590431	0.0
2.6834611009186626	0.0
2.684696580246894	0.0
2.6859320595751255	0.0
2.6871675389033567	0.0
2.6884030182315883	0.0
2.6896384975598195	0.0
2.690873976888051	0.0
2.6921094562162824	0.0
2.693344935544514	0.0
2.6945804148727452	0.0
2.695815894200977	0.0
2.697051373529208	0.0
2.6982868528574397	0.0
2.699522332185671	0.0
2.7007578115139026	0.0
2.701993290842134	0.0
2.7032287701703654	0.0
2.7044642494985967	0.0
2.7056997288268283	0.0
2.7069352081550595	0.0
2.708170687483291	0.0
2.7094061668115224	0.0
2.710641646139754	0.0
2.711877125467985	0.0
2.713112604796217	0.0
2.714348084124448	0.0
2.7155835634526797	0.0
2.716819042780911	0.0
2.7180545221091426	0.0
2.7192900014373738	0.0
2.7205254807656054	0.0
2.7217609600938366	0.0
2.7229964394220683	0.0
2.7242319187502995	0.0
2.725467398078531	0.0
2.7267028774067623	0.0
2.727938356734994	0.0
2.729173836063225	0.0
2.730409315391457	0.0
2.731644794719688	0.0
2.7328802740479197	0.0
2.734115753376151	0.0
2.7353512327043825	0.0
2.7365867120326137	0.0
2.7378221913608454	0.0
2.7390576706890766	0.0
2.740293150017308	0.0
2.7415286293455394	0.0
2.742764108673771	0.0
2.7439995880020023	0.0
2.745235067330234	0.0
2.746470546658465	0.0
2.7477060259866968	0.0
2.748941505314928	0.0
2.7501769846431596	0.0
2.751412463971391	0.0
2.7526479432996225	0.0
2.7538834226278537	0.0
2.7551189019560853	0.0
2.7563543812843165	0.0
2.757589860612548	0.0
2.7588253399407794	0.0
2.760060819269011	0.0
2.7612962985972422	0.0
2.762531777925474	0.0
2.763767257253705	0.0
2.7650027365819367	0.0
2.766238215910168	0.0
2.7674736952383996	0.0
2.7687091745666312	0.0
2.7699446538948624	0.0
2.771180133223094	0.0
2.7724156125513253	0.0
2.773651091879557	0.0
2.774886571207788	0.0
2.77612205053602	0.0
2.777357529864251	0.0
2.7785930091924826	0.0
2.779828488520714	0.0
2.7810639678489455	0.0
2.7822994471771767	0.0
2.7835349265054083	0.0
2.7847704058336396	0.0
2.786005885161871	0.0
2.7872413644901024	0.0
2.788476843818334	0.0
2.7897123231465653	0.0
2.790947802474797	0.0
2.792183281803028	0.0
2.7934187611312598	0.0
2.794654240459491	0.0
2.7958897197877226	0.0
2.797125199115954	0.0
2.7983606784441855	0.0
2.7995961577724167	0.0
2.8008316371006483	0.0
2.8020671164288795	0.0
2.803302595757111	0.0
2.8045380750853424	0.0
2.805773554413574	0.0
2.807009033741805	0.0
2.808244513070037	0.0
2.809479992398268	0.0
2.8107154717264997	0.0
2.811950951054731	0.0
2.8131864303829626	0.0
2.8144219097111938	0.0
2.8156573890394254	0.0
2.8168928683676566	0.0
2.8181283476958883	0.0
2.8193638270241195	0.0
2.820599306352351	0.0
2.8218347856805823	0.0
2.823070265008814	0.0
2.824305744337045	0.0
2.825541223665277	0.0
2.826776702993508	0.0
2.8280121823217397	0.0
2.829247661649971	0.0
2.8304831409782025	0.0
2.8317186203064337	0.0
2.8329540996346654	0.0
2.8341895789628966	0.0
2.8354250582911282	0.0
2.8366605376193594	0.0
2.837896016947591	0.0
2.8391314962758223	0.0
2.840366975604054	0.0
2.841602454932285	0.0
2.842837934260517	0.0
2.844073413588748	0.0
2.8453088929169796	0.0
2.846544372245211	0.0
2.8477798515734425	0.0
2.8490153309016737	0.0
2.8502508102299053	0.0
2.8514862895581365	0.0
2.852721768886368	0.0
2.8539572482145994	0.0
2.855192727542831	0.0
2.8564282068710622	0.0
2.857663686199294	0.0
2.858899165527525	0.0
2.8601346448557567	0.0
2.861370124183988	0.0
2.8626056035122196	0.0
2.863841082840451	0.0
2.8650765621686825	0.0
2.8663120414969137	0.0
2.8675475208251453	0.0
2.8687830001533765	0.0
2.870018479481608	0.0
2.8712539588098394	0.0
2.872489438138071	0.0
2.873724917466302	0.0
2.874960396794534	0.0
2.8761958761227655	0.0
2.8774313554509967	0.0
2.8786668347792284	0.0
2.8799023141074596	0.0
2.881137793435691	0.0
2.8823732727639224	0.0
2.883608752092154	0.0
2.8848442314203853	0.0
2.886079710748617	0.0
2.887315190076848	0.0
2.8885506694050798	0.0
2.889786148733311	0.0
2.8910216280615426	0.0
2.892257107389774	0.0
2.8934925867180055	0.0
2.8947280660462367	0.0
2.8959635453744683	0.0
2.8971990247026995	0.0
2.898434504030931	0.0
2.8996699833591624	0.0
2.900905462687394	0.0
2.9021409420156252	0.0
2.903376421343857	0.0
2.904611900672088	0.0
2.9058473800003197	0.0
2.907082859328551	0.0
2.9083183386567826	0.0
2.909553817985014	0.0
2.9107892973132454	0.0
2.9120247766414766	0.0
2.9132602559697083	0.0
2.9144957352979395	0.0
2.915731214626171	0.0
2.9169666939544023	0.0
2.918202173282634	0.0
2.919437652610865	0.0
2.920673131939097	0.0
2.921908611267328	0.0
2.9231440905955597	0.0
2.924379569923791	0.0
2.9256150492520225	0.0
2.9268505285802537	0.0
2.9280860079084854	0.0
2.9293214872367166	0.0
2.9305569665649482	0.0
2.9317924458931794	0.0
2.933027925221411	0.0
2.9342634045496423	0.0
2.935498883877874	0.0
2.936734363206105	0.0
2.937969842534337	0.0
2.939205321862568	0.0
2.9404408011907996	0.0
2.941676280519031	0.0
2.9429117598472625	0.0
2.9441472391754937	0.0
2.9453827185037253	0.0
2.9466181978319566	0.0
2.947853677160188	0.0
2.9490891564884194	0.0
2.950324635816651	0.0
2.9515601151448823	0.0
2.952795594473114	0.0
2.954031073801345	0.0
2.9552665531295768	0.0
2.956502032457808	0.0
2.9577375117860396	0.0
2.958972991114271	0.0
2.9602084704425025	0.0
2.9614439497707337	0.0
2.9626794290989653	0.0
2.9639149084271965	0.0
2.965150387755428	0.0
2.9663858670836594	0.0
2.967621346411891	0.0
2.968856825740122	0.0
2.970092305068354	0.0
2.971327784396585	0.0
2.9725632637248167	0.0
2.973798743053048	0.0
2.9750342223812796	0.0
2.9762697017095108	0.0
2.9775051810377424	0.0
2.9787406603659736	0.0
2.9799761396942053	0.0
2.981211619022437	0.0
2.982447098350668	0.0
2.9836825776788998	0.0
2.984918057007131	0.0
2.9861535363353626	0.0
2.987389015663594	0.0
2.9886244949918255	0.0
2.9898599743200567	0.0
2.9910954536482883	0.0
2.9923309329765195	0.0
2.993566412304751	0.0
2.9948018916329824	0.0
2.996037370961214	0.0
2.9972728502894452	0.0
2.998508329617677	0.0
2.999743808945908	0.0
3.0009792882741397	0.0
3.002214767602371	0.0
3.0034502469306026	0.0
3.004685726258834	0.0
3.0059212055870654	0.0
3.0071566849152966	0.0
3.0083921642435283	0.0
3.0096276435717595	0.0
3.010863122899991	0.0
3.0120986022282223	0.0
3.013334081556454	0.0
3.014569560884685	0.0
3.015805040212917	0.0
3.017040519541148	0.0
3.0182759988693797	0.0
3.019511478197611	0.0
3.0207469575258425	0.0
3.0219824368540738	0.0
3.0232179161823054	0.0
3.0244533955105366	0.0
3.0256888748387682	0.0
3.0269243541669995	0.0
3.028159833495231	0.0
3.0293953128234623	0.0
3.030630792151694	0.0
3.031866271479925	0.0
3.033101750808157	0.0
3.034337230136388	0.0
3.0355727094646197	0.0
3.036808188792851	0.0
3.0380436681210825	0.0
3.0392791474493137	0.0
3.0405146267775454	0.0
3.0417501061057766	0.0
3.042985585434008	0.0
3.0442210647622394	0.0
3.045456544090471	0.0
3.0466920234187023	0.0
3.047927502746934	0.0
3.049162982075165	0.0
3.0503984614033968	0.0
3.051633940731628	0.0
3.0528694200598596	0.0
3.054104899388091	0.0
3.0553403787163225	0.0
3.0565758580445537	0.0
3.0578113373727853	0.0
3.0590468167010165	0.0
3.060282296029248	0.0
3.0615177753574794	0.0
3.062753254685711	0.0
3.0639887340139422	0.0
3.065224213342174	0.0
3.066459692670405	0.0
3.0676951719986367	0.0
3.068930651326868	0.0
3.0701661306550996	0.0
3.071401609983331	0.0
3.0726370893115624	0.0
3.0738725686397936	0.0
3.0751080479680253	0.0
3.0763435272962565	0.0
3.077579006624488	0.0
3.0788144859527193	0.0
3.080049965280951	0.0
3.081285444609182	0.0
3.082520923937414	0.0
3.083756403265645	0.0
3.0849918825938767	0.0
3.086227361922108	0.0
