0.0	1.1413377062614056
0.0008447672661625813	1.0363481843204454
0.0016895345323251626	1.0329614255481563
0.002534301798487744	1.0465084606373123
0.003379069064650325	1.0645711740895207
0.0042238363308129065	1.0634422544987576
0.005068603596975488	1.0487662998188385
0.005913370863138069	1.019414390459
0.00675813812930065	1.1085990381292783
0.0076029053954632326	1.010383033732896
0.008447672661625813	1.010383033732896
0.009292439927788394	1.087149565904781
0.010137207193950976	1.087149565904781
0.010981974460113555	1.0363481843204454
0.011826741726276138	1.0521530585911276
0.01267150899243872	1.0363481843204454
0.0135162762586013	1.0815049679509658
0.01436104352476388	1.0318325059573934
0.015205810790926465	0.9923203202806878
0.016050578057089045	1.0476373802280754
0.016895345323251626	1.0724736112248616
0.017740112589414207	1.0611844153172316
0.01858487985557679	1.002480596597555
0.01942964712173937	1.0498952194096016
0.02027441438790195	1.0927941638585958
0.021119181654064536	1.098438761812411
0.02196394892022711	1.0657000936802836
0.0228087161863897	1.098438761812411
0.023653483452552276	1.0577976565449427
0.024498250718714858	1.0758603699971507
0.02534301798487744	1.0476373802280754
0.02618778525104002	1.093923083449359
0.0270325525172026	1.014898712095948
0.027877319783365183	1.0645711740895207
0.02872208704952776	1.0295746667758674
0.029566854315690345	1.0792471287694398
0.03041162158185293	1.091665244267833
0.03125638884801551	1.0860206463140178
0.03210115611417809	1.0555398173634165
0.03294592338034067	1.0566687369541796
0.03379069064650325	1.099567681403174
0.03463545791266583	1.1198882340369083
0.035480225178828415	1.0465084606373123
0.036324992444990996	1.09053632467707
0.03716975971115358	1.104083359766226
0.03801452697731616	1.0882784854955438
0.03885929424347874	1.0600554957264685
0.03970406150964132	1.1379509474891163
0.0405488287758039	1.0657000936802836
0.041393596041966484	1.0882784854955438
0.04223836330812907	1.0815049679509658
0.043083130574291646	1.0340903451389192
0.04392789784045422	1.0555398173634165
0.04477266510661681	1.09053632467707
0.0456174323727794	1.0713446916340987
0.04646219963894197	1.0600554957264685
0.04730696690510455	1.09053632467707
0.048151734171267134	1.0510241390003645
0.048996501437429715	1.093923083449359
0.04984126870359229	1.1435955454429314
0.05068603596975488	1.1605293393043767
0.05153080323591745	1.104083359766226
0.05237557050208004	1.1684317764397179
0.05322033776824263	1.1379509474891163
0.0540651050344052	1.1232749928091974
0.054909872300567784	1.087149565904781
0.055754639566730366	1.0781182091786767
0.05659940683289295	1.0882784854955438
0.05744417409905552	1.084891726723255
0.058288941365218117	1.1650450176674287
0.05913370863138069	1.0781182091786767
0.05997847589754327	1.1616582588951399
0.06082324316370586	1.0544108977726536
0.061668010429868435	1.1153725556738563
0.06251277769603102	1.1232749928091974
0.0633575449621936	1.1221460732184343
0.06420231222835618	1.1616582588951399
0.06504707949451875	1.1266617515814863
0.06589184676068134	1.089407405086307
0.06673661402684393	1.1356931083075905
0.0675813812930065	1.1210171536276714
0.06842614855916909	1.1187593144461452
0.06927091582533167	1.09053632467707
0.07011568309149424	1.1221460732184343
0.07096045035765683	1.1176303948553823
0.0718052176238194	1.0758603699971507
0.07264998488998199	1.097309842221648
0.07349475215614458	1.0736025308156247
0.07433951942230715	1.09053632467707
0.07518428668846973	1.104083359766226
0.07602905395463232	1.1255328319907232
0.07687382122079489	1.1142436360830932
0.07771858848695748	1.1435955454429314
0.07856335575312007	1.1402087866706425
0.07940812301928264	1.1729474548027699
0.08025289028544523	1.1232749928091974
0.0810976575516078	1.1334352691260645
0.08194242481777038	1.1571425805320876
0.08278719208393297	1.1345641887168274
0.08363195935009556	1.2237488363871054
0.08447672661625814	1.0927941638585958
0.0853214938824207	1.1085990381292783
0.08616626114858329	1.0927941638585958
0.08701102841474588	1.1074701185385152
0.08785579568090844	1.1481112238059836
0.08870056294707103	1.1447244650336945
0.08954533021323362	1.091665244267833
0.0903900974793962	1.089407405086307
0.0912348647455588	1.1266617515814863
0.09207963201172135	1.2316512735224465
0.09292439927788394	1.1548847413505616
0.09376916654404652	1.1526269021690356
0.0946139338102091	1.1097279577200412
0.09545870107637171	1.0815049679509658
0.09630346834253427	1.1221460732184343
0.09714823560869686	1.192139087845741
0.09799300287485943	1.1605293393043767
0.09883777014102202	1.1447244650336945
0.09968253740718458	1.1323063495353014
0.10052730467334718	1.1289195907630125
0.10137207193950976	1.1492401433967465
0.10221683920567234	1.1345641887168274
0.1030616064718349	1.104083359766226
0.10390637373799749	1.2124596404794754
0.10475114100416008	1.1390798670798794
0.10559590827032267	1.1627871784859027
0.10644067553648526	1.0769892895879138
0.10728544280264782	1.1187593144461452
0.1081302100688104	1.2034282837533712
0.10897497733497298	1.1571425805320876
0.10981974460113557	1.193268007436504
0.11066451186729817	1.1153725556738563
0.11150927913346073	1.1255328319907232
0.11235404639962332	1.2124596404794754
0.1131988136657859	1.183107731119637
0.11404358093194848	1.1142436360830932
0.11488834819811104	1.110856877310804
0.11573311546427363	1.1142436360830932
0.11657788273043623	1.1458533846244576
0.11742264999659881	1.1277906711722494
0.11826741726276138	1.189881248664215
0.11911218452892396	1.2011704445718452
0.11995695179508654	1.2293934343409203
0.12080171906124912	1.180849891938111
0.12164648632741172	1.1842366507103999
0.12249125359357428	1.1379509474891163
0.12333602085973687	1.1447244650336945
0.12418078812589944	1.189881248664215
0.12502555539206203	1.2034282837533712
0.12587032265822462	1.1458533846244576
0.1267150899243872	1.1763342135750587
0.1275598571905498	1.1673028568489547
0.12840462445671236	1.1503690629875096
0.12924939172287495	1.2135885600702383
0.1300941589890375	1.2350380322947354
0.1309389262552001	1.181978811528874
0.13178369352136268	1.183107731119637
0.13262846078752527	1.2181042384332903
0.13347322805368786	1.1943969270272672
0.13431799531985042	1.276808057152967
0.135162762586013	1.1718185352120067
0.13600752985217557	1.204557203344134
0.13685229711833818	1.2451983086116027
0.13769706438450077	1.2203620776148165
0.13854183165066333	1.197783685799556
0.13938659891682592	1.2451983086116027
0.14023136618298848	1.274550217971441
0.14107613344915107	1.2271355951593945
0.14192090071531366	1.2169753188425272
0.14276566798147625	1.2248777559778685
0.1436104352476388	1.2237488363871054
0.1444552025138014	1.2248777559778685
0.14529996977996398	1.2497139869746547
0.14614473704612654	1.2406826302485505
0.14698950431228916	1.274550217971441
0.14783427157845172	1.1842366507103999
0.1486790388446143	1.2610031828822847
0.14952380611077687	1.1718185352120067
0.15036857337693946	1.2316512735224465
0.15121334064310205	1.2621321024730479
0.15205810790926463	1.2226199167963423
0.15290287517542722	1.2598742632915219
0.15374764244158978	1.2429404694300765
0.15459240970775237	1.272292378789915
0.15543717697391496	1.284710494288308
0.15628194424007755	1.272292378789915
0.15712671150624014	1.2497139869746547
0.1579714787724027	1.2463272282023656
0.15881624603856528	1.3016442881497532
0.15966101330472787	1.2372958714762616
0.16050578057089046	1.276808057152967
0.16135054783705302	1.2068150425256603
0.1621953151032156	1.276808057152967
0.1630400823693782	1.2068150425256603
0.16388484963554076	1.2158463992517643
0.16472961690170337	1.202299364162608
0.16557438416786593	1.2971286097867012
0.1664191514340285	1.27793697674373
0.1672639187001911	1.270034539608389
0.16810868596635367	1.2429404694300765
0.1689534532325163	1.2598742632915219
0.16979822049867885	1.2982575293774643
0.1706429877648414	1.282452655106782
0.17148775503100397	1.3027732077405163
0.17233252229716658	1.2192331580240534
0.1731772895633292	1.274550217971441
0.17402205682949176	1.3106756448758574
0.17486682409565432	1.3422853934172216
0.17571159136181688	1.3027732077405163
0.1765563586279795	1.2135885600702383
0.17740112589414206	1.2643899416545739
0.17824589316030467	1.3084178056943312
0.17909066042646724	1.2711634591991519
0.1799354276926298	1.2598742632915219
0.1807801949587924	1.2587453437007587
0.18162496222495497	1.3547035089156148
0.1824697294911176	1.272292378789915
0.18331449675728015	1.3501878305525628
0.1841592640234427	1.3287383583280656
0.1850040312896053	1.2914840118328863
0.18584879855576789	1.293741851014412
0.18669356582193047	1.30051536855899
0.18753833308809303	1.3377697150541696
0.18838310035425562	1.284710494288308
0.1892278676204182	1.370508383186297
0.19007263488658077	1.3027732077405163
0.19091740215274342	1.280194815925256
0.19176216941890598	1.3118045644666205
0.19260693668506854	1.3208359211927245
0.19345170395123112	1.3140624036481463
0.1942964712173937	1.3253515995557765
0.19514123848355627	1.281323735516019
0.19598600574971886	1.3377697150541696
0.19683077301588142	1.3321251171003545
0.19767554028204404	1.3118045644666205
0.1985203075482066	1.282452655106782
0.19936507481436916	1.3592191872786668
0.20020984208053175	1.375024061549349
0.20105460934669436	1.4066338100907134
0.20189937661285695	1.284710494288308
0.2027441438790195	1.3558324285063779
0.2035889111451821	1.2993864489682272
0.2044336784113447	1.3072888861035683
0.20527844567750725	1.3671216244140079
0.2061232129436698	1.293741851014412
0.20696798020983243	1.4009892121368983
0.20781274747599499	1.391957855410794
0.20865751474215755	1.386313257456979
0.20950228200832016	1.4055048904999505
0.21034704927448272	1.3479299913710368
0.21119181654064534	1.3264805191465394
0.21203658380680793	1.3309961975095916
0.21288135107297051	1.385184337866216
0.21372611833913308	1.28922617265136
0.21457088560529564	1.3219648407834874
0.21541565287145825	1.365992704823245
0.2162604201376208	1.3908289358200312
0.21710518740378337	1.4337278802690259
0.21794995466994596	1.3253515995557765
0.21879472193610855	1.3230937603742505
0.21963948920227114	1.370508383186297
0.2204842564684337	1.3422853934172216
0.22132902373459634	1.4235676039521585
0.2221737910007589	1.378410820321638
0.22301855826692146	1.439372478222841
0.22386332553308405	1.3603481068694299
0.22470809279924664	1.376152981140112
0.2255528600654092	1.378410820321638
0.2263976273315718	1.4100205688630025
0.22724239459773435	1.3930867750015574
0.22808716186389696	1.4021181317276612
0.22893192913005952	1.3964735337738463
0.22977669639622209	1.3976024533646092
0.2306214636623847	1.4292122019059736
0.23146623092854726	1.4043759709091874
0.23231099819470988	1.3456721521895108
0.23315576546087247	1.4122784080445285
0.23400053272703503	1.3817975790939272
0.23484529999319761	1.3930867750015574
0.23569006725936018	1.4066338100907134
0.23653483452552276	1.4179230059983436
0.23737960179168535	1.4156651668168176
0.2382243690578479	1.4246965235429216
0.23906913632401047	1.4009892121368983
0.2399139035901731	1.472111146354968
0.24075867085633565	1.4450170761766556
0.24160343812249824	1.4382435586320776
0.24244820538866085	1.4574351916750488
0.24329297265482344	1.452919513311997
0.244137739920986	1.4484038349489448
0.24498250718714856	1.5714560703421132
0.24582727445331118	1.4405013978136039
0.24667204171947374	1.459693030856575
0.2475168089856363	1.5093654928501474
0.2483615762517989	1.4743689855364943
0.24920634351796148	1.4382435586320776
0.25005111078412406	1.4438881565858928
0.2508958780502866	1.469853307173442
0.25174064531644924	1.4777557443087832
0.2525854125826118	1.5274282063023557
0.2534301798487744	1.4495327545397079
0.254274947114937	1.5319438846654077
0.2551197143810996	1.5048498144870956
0.25596448164726215	1.467595467991916
0.2568092489134247	1.4992052165332805
0.25765401617958733	1.4574351916750488
0.2584987834457499	1.5172679299854888
0.25934355071191245	1.4111494884537654
0.260188317978075	1.5477487589360899
0.26103308524423763	1.5759717487051654
0.2618778525104002	1.5443620001638008
0.2627226197765628	1.560166874434483
0.26356738704272537	1.5048498144870956
0.264412154308888	1.553393356889905
0.26525692157505054	1.5206546887577777
0.2661016888412131	1.5319438846654077
0.2669464561073757	1.565811472388298
0.2677912233735383	1.552264437299142
0.26863599063970084	1.5071076536686214
0.26948075790586346	1.5229125279393034
0.270325525172026	1.478884663899546
0.2711702924381886	1.5951633817481365
0.27201505970435114	1.4811425030810723
0.2728598269705138	1.5251703671208297
0.27370459423667637	1.574842829114402
0.27454936150283893	1.5296860454838819
0.27539412876900154	1.6459647633324719
0.2762388960351641	1.552264437299142
0.27708366330132667	1.568069311569824
0.2779284305674892	1.5579090352529572
0.27877319783365184	1.5048498144870956
0.2796179650998144	1.648222602513998
0.28046273236597696	1.485658181444124
0.2813074996321395	1.5319438846654077
0.28215226689830214	1.5883898642035585
0.2829970341644647	1.5285571258931188
0.2838418014306273	1.5669403919790612
0.28468656869678993	1.5951633817481365
0.2855313359629525	1.634675567424842
0.28637610322911505	1.542104160982275
0.2872208704952776	1.5996790601111885
0.28806563776144023	1.5951633817481365
0.2889104050276028	1.635804487015605
0.28975517229376535	1.622257451926449
0.29059993955992797	1.622257451926449
0.2914447068260905	1.6098393364280559
0.2922894740922531	1.6843480294184145
0.2931342413584157	1.6335466478340788
0.2939790086245783	1.6245152911079748
0.2948237758907409	1.6820901902368885
0.29566854315690344	1.7046685820521486
0.29651331042306606	1.5985501405204257
0.2973580776892286	1.6933793861445183
0.2982028449553912	1.5985501405204257
0.29904761222155374	1.6583828788308652
0.29989237948771635	1.7125710191874899
0.3007371467538789	1.6888637077814665
0.30158191402004153	1.7780483554517446
0.3024266812862041	1.6866058685999403
0.30327144855236665	1.6809612706461252
0.30411621581852927	1.7159577779597788
0.30496098308469183	1.7667591595441143
0.30580575035085444	1.6775745118738363
0.306650517617017	1.6832191098276514
0.30749528488317956	1.7012818232798597
0.3083400521493422	1.6527382808770499
0.30918481941550474	1.75772780281801
0.3100295866816673	1.7012818232798597
0.3108743539478299	1.729504813048935
0.3117191212139925	1.7611145615902992
0.3125638884801551	1.729504813048935
0.31340865574631765	1.7261180542766459
0.31425342301248027	1.7791772750425074
0.31509819027864283	1.8457835308975252
0.3159429575448054	1.8446546113067621
0.316787724810968	1.7848218729963226
0.31763249207713057	1.7306337326396979
0.31847725934329313	1.8469124504882881
0.31932202660945574	1.7848218729963226
0.3201667938756183	1.818689460719213
0.3210115611417809	1.8661040835312594
0.3218563284079435	1.7554699636364843
0.32270109567410604	1.7554699636364843
0.3235458629402686	1.82884973703608
0.3243906302064312	1.7690169987256403
0.32523539747259383	1.909003027980254
0.3260801647387564	1.8661040835312594
0.32692493200491896	1.835623254580658
0.3277696992710815	1.825462978263791
0.32861446653724413	1.8435256917159992
0.32945923380340675	1.8830378773927048
0.3303040010695693	1.921421143478647
0.33114876833573187	1.8773932794388897
0.33199353560189443	1.901100590844913
0.332838302868057	1.9993165952412948
0.33368307013421955	1.92255006306941
0.3345278374003822	1.8785221990296526
0.3353726046665448	1.9439995352939072
0.33621737193270734	1.82884973703608
0.33706213919886996	1.8796511186204157
0.3379069064650326	1.9067451887987277
0.33875167373119514	2.007219032376636
0.3395964409973577	1.8909403145280457
0.34044120826352026	1.989156318924428
0.3412859755296828	1.9327103393862772
0.3421307427958454	1.9778671230167977
0.34297551006200794	2.033184182964185
0.3438202773281706	1.9552887312015375
0.34466504459433317	1.9993165952412948
0.34550981186049573	2.0354420221457112
0.3463545791266584	2.0320552633734223
0.34719934639282096	2.0320552633734223
0.3480441136589835	2.006090112785873
0.3488888809251461	2.0027033540135837
0.34973364819130864	2.0027033540135837
0.3505784154574712	2.107692875954544
0.35142318272363376	2.0128636303304512
0.35226794998979644	2.1280134285882784
0.353112717255959	2.1088217955453072
0.35395748452212156	2.090759082093099
0.3548022517882841	2.0343131025549486
0.3556470190544468	2.021894987056555
0.35649178632060935	2.1336580265420935
0.3573365535867719	2.178814810172614
0.35818132085293447	2.1539785791758277
0.35902608811909703	2.0930169212746246
0.3598708553852596	2.1505918204035384
0.36071562265142226	2.1246266698159895
0.3615603899175848	2.2149402370770304
0.3624051571837474	2.1246266698159895
0.36324992444990994	2.210424558713978
0.3640946917160726	2.2251005133938975
0.3649394589822352	2.1923618452617704
0.36578422624839774	2.2397764680738166
0.3666289935145603	2.29735136720273
0.36747376078072286	2.2115534783047415
0.3683185280468854	2.2251005133938975
0.36916329531304803	2.3097694827011233
0.3700080625792106	2.3334767941071464
0.3708528298453732	2.2284872721661864
0.37169759711153577	2.3278321961533313
0.37254236437769833	2.3120273218826495
0.37338713164386095	2.2488078247999206
0.3742318989100235	2.424919280958951
0.37507666617618607	2.4147590046420833
0.37592143344234863	2.511846089447703
0.37676620070851125	2.376375738556141
0.3776109679746738	2.389922773645297
0.3784557352408364	2.4836230996786273
0.379300502506999	2.365086542648511
0.38014526977316154	2.4644314666356557
0.38099003703932416	2.4847520192693904
0.38183480430548683	2.459915788272604
0.3826795715716494	2.5705499081673793
0.38352433883781195	2.5174906874015175
0.3843691061039745	2.5231352853553326
0.38521387337013707	2.5039436523123615
0.38605864063629963	2.5220063657645695
0.38690340790246225	2.5355534008537255
0.3877481751686248	2.5863547824380615
0.3885929424347874	2.656347797065368
0.38943770970095	2.560389631850512
0.39028247696711255	2.6473164403392637
0.39112724423327516	2.7444035251448833
0.3919720114994377	2.6665080733822353
0.3928167787656003	2.7602083994155655
0.39366154603176284	2.8042362634553224
0.39450631329792546	2.8426195295412655
0.3953510805640881	2.910354704987046
0.39619584783025064	2.9498668906637513
0.3970406150964132	2.932933096802306
0.39788538236257576	2.9284174184392544
0.3987301496287383	2.9634139257529073
0.3995749168949009	3.011957468155717
0.4004196841610635	3.0808215631922606
0.4012644514272261	3.044696136287844
0.4021092186933887	3.1000131962352317
0.4029539859595513	3.182424326360932
0.4037987532257139	3.1542013365918566
0.40464352049187646	3.3551490237476727
0.405488287758039	3.3811141743352224
0.40633305502420164	3.4861036962761824
0.4071778222903642	3.542549675814333
0.4080225895565268	3.6001245749432464
0.4088673568226894	3.6023824141247722
0.40971212408885194	3.842842286957294
0.4105568913550145	3.8123614580066927
0.41140165862117706	4.101364873242024
0.4122464258873396	4.243608741678163
0.4130911931535023	4.731302004887785
0.41393596041966485	5.395106724256436
0.4147807276858274	6.221475864694961
0.41562549495198997	4.8024239391058545
0.41647026221815253	4.458103463923136
0.4173150294843151	4.240221982905874
0.4181597967504777	4.093462436106683
0.4190045640166403	3.8879990705878145
0.4198493312828029	3.7875252270099065
0.42069409854896544	3.7118876144287847
0.421538865815128	3.5572256304942518
0.4223836330812907	3.5267448015436504
0.42322840034745324	3.464654224051685
0.42407316761361585	3.4262709579657424
0.42491793487977847	3.3551490237476727
0.42576270214594103	3.2591908585328166
0.4266074694121036	3.183553245951695
0.42745223667826615	3.1733929696348278
0.4282970039444287	3.1146891509151513
0.42914177121059127	3.0401804579247926
0.42998653847675383	3.000668272248087
0.4308313057429165	3.0548564126047113
0.43167607300907906	2.8968076698978895
0.4325208402752416	2.939706614346884
0.4333656075414042	2.878744956445682
0.43421037480756675	2.939706614346884
0.43505514207372936	2.811009780999901
0.4358999093398919	2.741016766372594
0.43674467660605454	2.739887846781831
0.4375894438722171	2.7850446304123513
0.43843421113837966	2.708278098240467
0.4392789784045423	2.658605636246894
0.44012374567070484	2.636027244431634
0.4409685129368674	2.7116648570127557
0.44181328020302996	2.560389631850512
0.4426580474691927	2.55587395348746
0.44350281473535524	2.4960412151770206
0.4443475820015178	2.651832118702316
0.44519234926768037	2.5163617678107544
0.4460371165338429	2.6145777722071366
0.4468818838000055	2.552487194715171
0.4477266510661681	2.557002873078223
0.4485714183323307	2.511846089447703
0.4494161855984933	2.3876649344637713
0.45026095286465584	2.448626592364974
0.4511057201308184	2.452013351137263
0.451950487396981	2.367344381830037
0.4527952546631436	2.470076064589471
0.45364002192930614	2.3526684271501175
0.4544847891954687	2.3786335777376673
0.4553295564616313	2.461044707863367
0.45617432372779393	2.3436370704240135
0.4570190909939565	2.2962224476119673
0.45786385826011905	2.3944384520083495
0.4587086255262816	2.3831492561007193
0.45955339279244417	2.3346057136979095
0.46039816005860673	2.3210586786087535
0.4612429273247694	2.2386475484830535
0.46208769459093196	2.3052538043380713
0.4629324618570945	2.2205848350308455
0.46377722912325714	2.188975086489481
0.46462199638941976	2.159623177129643
0.4654667636555823	2.2307451113477126
0.46631153092174493	2.2318740309384753
0.4671562981879075	2.174299131809562
0.46800106545407005	2.1923618452617704
0.4688458327202326	2.1505918204035384
0.46969059998639523	2.1415604636774344
0.4705353672525578	2.1449472224497232
0.47138013451872035	2.111079634726833
0.4722249017848829	2.1099507151360704
0.4730696690510455	2.088501242911573
0.47391443631720814	2.139302624495908
0.4747592035833707	2.1223688306344632
0.47560397084953326	1.9654490075184043
0.4764487381156958	1.9756092838352717
0.4772935053818584	2.0444733788718152
0.47813827264802095	2.107692875954544
0.4789830399141836	2.074954207822417
0.4798278071803462	1.9135187063433061
0.48067257444650874	2.063665011914787
0.4815173417126713	1.994800916878243
0.48236210897883386	1.9902852385151908
0.4832068762449965	2.082856644957758
0.4840516435111591	1.9778671230167977
0.4848964107773217	1.9135187063433061
0.48574117804348427	2.0286685046011335
0.4865859453096469	1.9609333291553526
0.48743071257580944	1.9925430776967168
0.488275479841972	1.91126086716178
0.48912024710813456	1.8333654153991321
0.4899650143742971	1.7859507925870854
0.4908097816404598	1.8435256917159992
0.49165454890662236	1.9315814197955141
0.4924993161727849	2.043344459281052
0.4933440834389475	1.9327103393862772
0.49418885070511004	1.8480413700790512
0.4950336179712726	1.9315814197955141
0.4958783852374352	1.902229510435676
0.4967231525035978	1.8728776010758375
0.4975679197697604	1.995929836469006
0.49841268703592295	1.8457835308975252
0.4992574543020855	1.88868247534652
0.5001022215682481	1.8920692341188088
0.5009469888344107	1.8796511186204157
0.5017917561005732	1.8762643598481263
0.5026365233667358	1.805142425630057
0.5034812906328985	1.8141737823561608
0.504326057899061	1.916905465115595
0.5051708251652236	1.7904664709501377
0.5060155924313863	1.7938532297224268
0.5068603596975488	1.7780483554517446
0.5077051269637114	1.7938532297224268
0.508549894229874	1.7057975016429114
0.5093946614960365	1.7430518481380912
0.5102394287621992	1.7836929534055597
0.5110841960283617	1.6877347881907037
0.5119289632945243	1.7633724007718252
0.5127737305606869	1.7136999387782528
0.5136184978268494	1.7848218729963226
0.514463265093012	1.799497827676242
0.5153080323591747	1.6437069241509459
0.5161527996253372	1.6990239840983334
0.5169975668914998	1.7340204914119872
0.5178423341576623	1.651609361286287
0.5186871014238249	1.731762652230461
0.5195318686899875	1.7216023759135939
0.52037663595615	1.7611145615902992
0.5212214032223127	1.7091842604152008
0.5220661704884753	1.7757905162702183
0.5229109377546378	1.7125710191874899
0.5237557050208004	1.6753166726923105
0.5246004722869629	1.6098393364280559
0.5254452395531256	1.6832191098276514
0.5262900068192882	1.7272469738674088
0.5271347740854507	1.6470936829232352
0.5279795413516134	1.6854769490091774
0.528824308617776	1.7238602150951199
0.5296690758839385	1.6877347881907037
0.5305138431501011	1.651609361286287
0.5313586104162636	1.6098393364280559
0.5322033776824262	1.6775745118738363
0.5330481449485889	1.6008079797019517
0.5338929122147514	1.64144908496942
0.534737679480914	1.629030969471027
0.5355824467470766	1.6098393364280559
0.5364272140132391	1.555651196071431
0.5372719812794017	1.6008079797019517
0.5381167485455642	1.5296860454838819
0.5389615158117269	1.5375884826192228
0.5398062830778895	1.6583828788308652
0.540651050344052	1.6008079797019517
0.5414958176102146	1.5951633817481365
0.5423405848763772	1.5940344621573734
0.5431853521425397	1.5940344621573734
0.5440301194087023	1.5771006682959283
0.5448748866748648	1.5804874270682172
0.5457196539410276	1.5635536332067723
0.5465644212071902	1.6087104168372925
0.5474091884733527	1.5037208948963323
0.5482539557395153	1.5793585074774543
0.5490987230056779	1.473240065945731
0.5499434902718404	1.5759717487051654
0.5507882575380031	1.4867871010348874
0.5516330248041657	1.4969473773517543
0.5524777920703282	1.5274282063023557
0.5533225593364908	1.4890449402164134
0.5541673266026533	1.4913027793979392
0.5550120938688159	1.4292122019059736
0.5558568611349785	1.5319438846654077
0.556701628401141	1.5161390103947254
0.5575463956673037	1.473240065945731
0.5583911629334662	1.546619839345327
0.5592359301996288	1.553393356889905
0.5600806974657914	1.5262992867115928
0.5609254647319539	1.467595467991916
0.5617702319981165	1.5172679299854888
0.562614999264279	1.4913027793979392
0.5634597665304417	1.4405013978136039
0.5643045337966043	1.459693030856575
0.5651493010627668	1.5285571258931188
0.5659940683289294	1.4822714226718352
0.5668388355950921	1.473240065945731
0.5676836028612546	1.4235676039521585
0.5685283701274173	1.4134073276352914
0.5693731373935799	1.391957855410794
0.5702179046597424	1.3953446141830832
0.571062671925905	1.5048498144870956
0.5719074391920675	1.3953446141830832
0.5727522064582301	1.4088916492722396
0.5735969737243927	1.5285571258931188
0.5744417409905552	1.461950870038101
0.5752865082567179	1.3411564738264588
0.5761312755228805	1.4258254431336845
0.576976042789043	1.385184337866216
0.5778208100552056	1.4224386843613956
0.5786655773213681	1.4167940864075805
0.5795103445875307	1.4709822267642052
0.5803551118536933	1.363734865641719
0.5811998791198559	1.4156651668168176
0.5820446463860185	1.4009892121368983
0.582889413652181	1.4382435586320776
0.5837341809183436	1.3987313729553723
0.5845789481845062	0.6017141418766856
0.5854237154506687	0.0
0.5862684827168314	0.0
0.5871132499829941	0.0
0.5879580172491566	0.0
0.5888027845153192	0.0
0.5896475517814818	0.0
0.5904923190476443	0.0
0.5913370863138069	0.0
0.5921818535799694	0.0
0.5930266208461321	0.0
0.5938713881122947	0.0
0.5947161553784572	0.0
0.5955609226446198	0.0
0.5964056899107824	0.0
0.5972504571769449	0.0
0.5980952244431075	0.0
0.5989399917092701	0.0
0.5997847589754327	0.0
0.6006295262415953	0.0
0.6014742935077578	0.0
0.6023190607739204	0.0
0.6031638280400831	0.0
0.6040085953062456	0.0
0.6048533625724082	0.0
0.6056981298385707	0.0
0.6065428971047333	0.0
0.607387664370896	0.0
0.6082324316370585	0.0
0.6090771989032211	0.0
0.6099219661693837	0.0
0.6107667334355463	0.0
0.6116115007017089	0.0
0.6124562679678714	0.0
0.613301035234034	0.0
0.6141458025001966	0.0
0.6149905697663591	0.0
0.6158353370325218	0.0
0.6166801042986844	0.0
0.6175248715648469	0.0
0.6183696388310095	0.0
0.619214406097172	0.0
0.6200591733633346	0.0
0.6209039406294973	0.0
0.6217487078956598	0.0
0.6225934751618224	0.0
0.623438242427985	0.0
0.6242830096941475	0.0
0.6251277769603102	0.0
0.6259725442264726	0.0
0.6268173114926353	0.0
0.6276620787587979	0.0
0.6285068460249605	0.0
0.6293516132911231	0.0
0.6301963805572857	0.0
0.6310411478234482	0.0
0.6318859150896108	0.0
0.6327306823557735	0.0
0.633575449621936	0.0
0.6344202168880986	0.0
0.6352649841542611	0.0
0.6361097514204237	0.0
0.6369545186865863	0.0
0.6377992859527489	0.0
0.6386440532189115	0.0
0.639488820485074	0.0
0.6403335877512366	0.0
0.6411783550173992	0.0
0.6420231222835618	0.0
0.6428678895497243	0.0
0.643712656815887	0.0
0.6445574240820495	0.0
0.6454021913482121	0.0
0.6462469586143748	0.0
0.6470917258805372	0.0
0.6479364931466999	0.0
0.6487812604128624	0.0
0.649626027679025	0.0
0.6504707949451877	0.0
0.6513155622113502	0.0
0.6521603294775128	0.0
0.6530050967436754	0.0
0.6538498640098379	0.0
0.6546946312760006	0.0
0.655539398542163	0.0
0.6563841658083257	0.0
0.6572289330744883	0.0
0.6580737003406508	0.0
0.6589184676068135	0.0
0.659763234872976	0.0
0.6606080021391386	0.0
0.6614527694053011	0.0
0.6622975366714637	0.0
0.6631423039376264	0.0
0.6639870712037889	0.0
0.6648318384699515	0.0
0.665676605736114	0.0
0.6665213730022767	0.0
0.6673661402684391	0.0
0.6682109075346018	0.0
0.6690556748007644	0.0
0.669900442066927	0.0
0.6707452093330896	0.0
0.6715899765992522	0.0
0.6724347438654147	0.0
0.6732795111315774	0.0
0.6741242783977399	0.0
0.6749690456639025	0.0
0.6758138129300651	0.0
0.6766585801962276	0.0
0.6775033474623903	0.0
0.6783481147285527	0.0
0.6791928819947154	0.0
0.6800376492608778	0.0
0.6808824165270405	0.0
0.6817271837932032	0.0
0.6825719510593656	0.0
0.6834167183255283	0.0
0.6842614855916908	0.0
0.6851062528578534	0.0
0.6859510201240159	0.0
0.6867957873901785	0.0
0.6876405546563412	0.0
0.6884853219225037	0.0
0.6893300891886663	0.0
0.690174856454829	0.0
0.6910196237209915	0.0
0.6918643909871541	0.0
0.6927091582533168	0.0
0.6935539255194793	0.0
0.6943986927856419	0.0
0.6952434600518044	0.0
0.696088227317967	0.0
0.6969329945841295	0.0
0.6977777618502922	0.0
0.6986225291164548	0.0
0.6994672963826173	0.0
0.70031206364878	0.0
0.7011568309149424	0.0
0.7020015981811051	0.0
0.7028463654472675	0.0
0.7036911327134302	0.0
0.7045358999795929	0.0
0.7053806672457553	0.0
0.706225434511918	0.0
0.7070702017780804	0.0
0.7079149690442431	0.0
0.7087597363104057	0.0
0.7096045035765682	0.0
0.7104492708427309	0.0
0.7112940381088936	0.0
0.712138805375056	0.0
0.7129835726412187	0.0
0.7138283399073811	0.0
0.7146731071735438	0.0
0.7155178744397063	0.0
0.7163626417058689	0.0
0.7172074089720316	0.0
0.7180521762381941	0.0
0.7188969435043567	0.0
0.7197417107705192	0.0
0.7205864780366819	0.0
0.7214312453028445	0.0
0.722276012569007	0.0
0.7231207798351696	0.0
0.7239655471013321	0.0
0.7248103143674948	0.0
0.7256550816336573	0.0
0.7264998488998199	0.0
0.7273446161659824	0.0
0.7281893834321452	0.0
0.7290341506983077	0.0
0.7298789179644704	0.0
0.7307236852306328	0.0
0.7315684524967955	0.0
0.7324132197629579	0.0
0.7332579870291206	0.0
0.7341027542952832	0.0
0.7349475215614457	0.0
0.7357922888276083	0.0
0.7366370560937708	0.0
0.7374818233599334	0.0
0.7383265906260961	0.0
0.7391713578922585	0.0
0.7400161251584212	0.0
0.7408608924245836	0.0
0.7417056596907464	0.0
0.7425504269569091	0.0
0.7433951942230715	0.0
0.7442399614892342	0.0
0.7450847287553967	0.0
0.7459294960215593	0.0
0.7467742632877219	0.0
0.7476190305538845	0.0
0.748463797820047	0.0
0.7493085650862096	0.0
0.7501533323523721	0.0
0.7509980996185348	0.0
0.7518428668846973	0.0
0.75268763415086	0.0
0.7535324014170225	0.0
0.7543771686831852	0.0
0.7552219359493476	0.0
0.7560667032155103	0.0
0.7569114704816728	0.0
0.7577562377478354	0.0
0.758601005013998	0.0
0.7594457722801605	0.0
0.7602905395463231	0.0
0.7611353068124858	0.0
0.7619800740786483	0.0
0.7628248413448109	0.0
0.7636696086109737	0.0
0.764514375877136	0.0
0.7653591431432988	0.0
0.7662039104094612	0.0
0.7670486776756239	0.0
0.7678934449417864	0.0
0.768738212207949	0.0
0.7695829794741116	0.0
0.7704277467402741	0.0
0.7712725140064367	0.0
0.7721172812725993	0.0
0.7729620485387618	0.0
0.7738068158049245	0.0
0.774651583071087	0.0
0.7754963503372496	0.0
0.7763411176034121	0.0
0.7771858848695749	0.0
0.7780306521357374	0.0
0.7788754194019	0.0
0.7797201866680625	0.0
0.7805649539342251	0.0
0.7814097212003877	0.0
0.7822544884665503	0.0
0.7830992557327129	0.0
0.7839440229988754	0.0
0.784788790265038	0.0
0.7856335575312006	0.0
0.7864783247973632	0.0
0.7873230920635257	0.0
0.7881678593296885	0.0
0.7890126265958509	0.0
0.7898573938620136	0.0
0.7907021611281762	0.0
0.7915469283943387	0.0
0.7923916956605013	0.0
0.7932364629266638	0.0
0.7940812301928264	0.0
0.7949259974589891	0.0
0.7957707647251515	0.0
0.7966155319913142	0.0
0.7974602992574766	0.0
0.7983050665236393	0.0
0.7991498337898018	0.0
0.7999946010559644	0.0
0.800839368322127	0.0
0.8016841355882897	0.0
0.8025289028544522	0.0
0.8033736701206149	0.0
0.8042184373867775	0.0
0.80506320465294	0.0
0.8059079719191026	0.0
0.8067527391852651	0.0
0.8075975064514278	0.0
0.8084422737175903	0.0
0.8092870409837529	0.0
0.8101318082499154	0.0
0.810976575516078	0.0
0.8118213427822405	0.0
0.8126661100484033	0.0
0.8135108773145658	0.0
0.8143556445807284	0.0
0.815200411846891	0.0
0.8160451791130536	0.0
0.8168899463792161	0.0
0.8177347136453788	0.0
0.8185794809115412	0.0
0.8194242481777039	0.0
0.8202690154438663	0.0
0.821113782710029	0.0
0.8219585499761914	0.0
0.8228033172423541	0.0
0.8236480845085168	0.0
0.8244928517746792	0.0
0.825337619040842	0.0
0.8261823863070046	0.0
0.8270271535731671	0.0
0.8278719208393297	0.0
0.8287166881054924	0.0
0.8295614553716548	0.0
0.8304062226378175	0.0
0.8312509899039799	0.0
0.8320957571701426	0.0
0.8329405244363051	0.0
0.8337852917024677	0.0
0.8346300589686302	0.0
0.8354748262347929	0.0
0.8363195935009554	0.0
0.8371643607671182	0.0
0.8380091280332806	0.0
0.8388538952994433	0.0
0.8396986625656058	0.0
0.8405434298317684	0.0
0.8413881970979309	0.0
0.8422329643640936	0.0
0.843077731630256	0.0
