0.0	0.0
0.002172097098540853	0.0
0.004344194197081706	0.0
0.006516291295622559	0.0
0.008688388394163412	0.0
0.010860485492704266	0.0
0.013032582591245118	0.0
0.015204679689785972	0.0
0.017376776788326824	0.0
0.019548873886867678	0.0
0.02172097098540853	0.0
0.023893068083949382	0.0
0.026065165182490236	0.0
0.02823726228103109	0.0
0.030409359379571944	0.0
0.032581456478112794	0.0
0.03475355357665365	0.0
0.0369256506751945	0.0
0.039097747773735356	0.0
0.04126984487227621	0.0
0.04344194197081706	0.0
0.04561403906935791	0.0
0.047786136167898764	0.0
0.04995823326643962	0.0
0.05213033036498047	0.0
0.054302427463521326	0.0
0.05647452456206218	0.0
0.058646621660603034	0.0
0.06081871875914389	0.0
0.06299081585768473	0.0
0.06516291295622559	0.0
0.06733501005476644	0.0
0.0695071071533073	0.0
0.07167920425184815	0.0
0.073851301350389	0.0
0.07602339844892986	0.0
0.07819549554747071	0.0
0.08036759264601157	0.0
0.08253968974455242	0.0
0.08471178684309327	0.0
0.08688388394163413	0.0
0.08905598104017497	0.0
0.09122807813871582	0.0
0.09340017523725667	0.0
0.09557227233579753	0.0
0.09774436943433838	0.0
0.09991646653287924	0.0
0.10208856363142009	0.0
0.10426066072996094	0.0
0.1064327578285018	0.0
0.10860485492704265	0.0
0.1107769520255835	0.0
0.11294904912412436	0.0
0.11512114622266521	0.0
0.11729324332120607	0.0
0.11946534041974692	0.0
0.12163743751828777	0.0
0.12380953461682861	0.0
0.12598163171536947	0.0
0.12815372881391032	0.0
0.13032582591245118	0.0
0.13249792301099203	0.0
0.13467002010953288	0.0
0.13684211720807374	0.0
0.1390142143066146	0.0
0.14118631140515545	0.0
0.1433584085036963	0.0
0.14553050560223715	0.0
0.147702602700778	0.0
0.14987469979931886	0.0
0.15204679689785972	0.0
0.15421889399640057	0.0
0.15639099109494142	0.0
0.15856308819348228	0.0
0.16073518529202313	0.0
0.16290728239056398	0.0
0.16507937948910484	0.0
0.1672514765876457	0.0
0.16942357368618655	0.0
0.1715956707847274	0.0
0.17376776788326825	0.0004390569450356978
0.17593986498180908	0.0
0.17811196208034993	0.0
0.1802840591788908	0.0004390569450356978
0.18245615627743164	0.0
0.1846282533759725	0.0
0.18680035047451335	0.0
0.1889724475730542	0.0
0.19114454467159506	0.0
0.1933166417701359	0.0
0.19548873886867676	0.0
0.19766083596721762	0.0
0.19983293306575847	0.0
0.20200503016429933	0.0
0.20417712726284018	0.0
0.20634922436138103	0.0
0.2085213214599219	0.0
0.21069341855846274	0.0
0.2128655156570036	0.0
0.21503761275554445	0.0
0.2172097098540853	0.0
0.21938180695262616	0.0
0.221553904051167	0.0004390569450356978
0.22372600114970786	0.0
0.22589809824824872	0.0
0.22807019534678957	0.0
0.23024229244533043	0.0
0.23241438954387128	0.0
0.23458648664241213	0.0
0.236758583740953	0.0008781138900713956
0.23893068083949384	0.0
0.2411027779380347	0.0
0.24327487503657555	0.0
0.24544697213511638	0.0
0.24761906923365723	0.0
0.24979116633219808	0.0
0.25196326343073894	0.0004390569450356978
0.2541353605292798	0.0013171708351070934
0.25630745762782065	0.0
0.2584795547263615	0.0
0.26065165182490235	0.0
0.26282374892344323	0.0
0.26499584602198406	0.0
0.26716794312052494	0.0
0.26934004021906577	0.0004390569450356978
0.27151213731760665	0.0004390569450356978
0.2736842344161475	0.0
0.27585633151468836	0.0004390569450356978
0.2780284286132292	0.0004390569450356978
0.28020052571177	0.0004390569450356978
0.2823726228103109	0.0008781138900713956
0.2845447199088517	0.0004390569450356978
0.2867168170073926	0.0008781138900713956
0.2888889141059334	0.0008781138900713956
0.2910610112044743	0.0004390569450356978
0.29323310830301513	0.0004390569450356978
0.295405205401556	0.0
0.29757730250009684	0.0
0.2997493995986377	0.0004390569450356978
0.30192149669717855	0.0
0.30409359379571943	0.0
0.30626569089426026	0.0004390569450356978
0.30843778799280114	0.0008781138900713956
0.31060988509134196	0.0
0.31278198218988285	0.0013171708351070934
0.31495407928842367	0.0008781138900713956
0.31712617638696455	0.0004390569450356978
0.3192982734855054	0.0013171708351070934
0.32147037058404626	0.0008781138900713956
0.3236424676825871	0.0008781138900713956
0.32581456478112797	0.0004390569450356978
0.3279866618796688	0.0008781138900713956
0.3301587589782097	0.0013171708351070934
0.3323308560767505	0.0013171708351070934
0.3345029531752914	0.0008781138900713956
0.3366750502738322	0.0017562277801427913
0.3388471473723731	0.0004390569450356978
0.3410192444709139	0.0026343416702141868
0.3431913415694548	0.0013171708351070934
0.3453634386679956	0.0017562277801427913
0.3475355357665365	0.0013171708351070934
0.34970763286507733	0.0008781138900713956
0.35187972996361816	0.0004390569450356978
0.35405182706215904	0.0008781138900713956
0.35622392416069987	0.0008781138900713956
0.35839602125924075	0.002195284725178489
0.3605681183577816	0.0013171708351070934
0.36274021545632246	0.0
0.3649123125548633	0.0008781138900713956
0.36708440965340416	0.0017562277801427913
0.369256506751945	0.002195284725178489
0.37142860385048587	0.0017562277801427913
0.3736007009490267	0.0008781138900713956
0.3757727980475676	0.0035124555602855825
0.3779448951461084	0.0017562277801427913
0.3801169922446493	0.0017562277801427913
0.3822890893431901	0.0004390569450356978
0.384461186441731	0.0013171708351070934
0.3866332835402718	0.0013171708351070934
0.3888053806388127	0.0017562277801427913
0.39097747773735353	0.0017562277801427913
0.3931495748358944	0.0004390569450356978
0.39532167193443524	0.0026343416702141868
0.3974937690329761	0.004829626395392676
0.39966586613151694	0.006146797230499769
0.4018379632300578	0.0035124555602855825
0.40401006032859865	0.0035124555602855825
0.40618215742713953	0.0013171708351070934
0.40835425452568036	0.0026343416702141868
0.41052635162422124	0.004390569450356978
0.41269844872276207	0.004390569450356978
0.41487054582130295	0.0030733986152498846
0.4170426429198438	0.004829626395392676
0.41921474001838466	0.006146797230499769
0.4213868371169255	0.004390569450356978
0.4235589342154663	0.00395151250532128
0.4257310313140072	0.002195284725178489
0.427903128412548	0.005707740285464072
0.4300752255110889	0.004829626395392676
0.4322473226096297	0.006585854175535468
0.4344194197081706	0.004829626395392676
0.43659151680671143	0.00790302501064256
0.4387636139052523	0.008342081955678258
0.44093571100379314	0.006146797230499769
0.443107808102334	0.008342081955678258
0.44527990520087485	0.0052686833404283736
0.44745200229941573	0.006146797230499769
0.44962409939795656	0.00395151250532128
0.45179619649649744	0.0074639680656068625
0.45396829359503826	0.012732651406035236
0.45614039069357915	0.006146797230499769
0.45831248779211997	0.009220195845749655
0.46048458489066085	0.0074639680656068625
0.4626566819892017	0.009220195845749655
0.46482877908774256	0.006585854175535468
0.4670008761862834	0.009220195845749655
0.46917297328482427	0.006585854175535468
0.4713450703833651	0.008781138900713956
0.473517167481906	0.010537366680856747
0.4756892645804468	0.010976423625892446
0.4778613616789877	0.009659252790785352
0.4800334587775285	0.01009830973582105
0.4822055558760694	0.012732651406035236
0.4843776529746102	0.012732651406035236
0.4865497500731511	0.011854537515963841
0.4887218471716919	0.01624510696632082
0.49089394427023275	0.012732651406035236
0.49306604136877363	0.01404982224114233
0.49523813846731446	0.016684163911356516
0.49741023556585534	0.015366993076249424
0.49958233266439617	0.01580605002128512
0.501754429762937	0.014488879186178028
0.5039265268614779	0.013171708351070935
0.5060986239600187	0.015366993076249424
0.5082707210585596	0.013610765296106633
0.5104428181571005	0.019318505581570704
0.5126149152556413	0.013171708351070935
0.5147870123541821	0.01580605002128512
0.516959109452723	0.021074733361713494
0.5191312065512639	0.01844039169149931
0.5213033036498047	0.0201966194716421
0.5234754007483455	0.023709075031927682
0.5256474978468865	0.027221530592213265
0.5278195949454273	0.022830961141856287
0.5299916920439681	0.01800133474646361
0.532163789142509	0.02239190419682059
0.5343358862410499	0.019318505581570704
0.5365079833395907	0.02634341670214187
0.5386800804381315	0.021952847251784893
0.5408521775366724	0.025026245867034776
0.5430242746352133	0.02766058753724896
0.5451963717337541	0.03205115698760594
0.547368468832295	0.028977758372356055
0.5495405659308358	0.02590435975710617
0.5517126630293767	0.02985587226242745
0.5538847601279175	0.02853870142732036
0.5560568572264584	0.03336832782271303
0.5582289543249992	0.03161210004257024
0.56040105142354	0.03029492920746315
0.562573148522081	0.03468549865782013
0.5647452456206218	0.03161210004257024
0.5669173427191626	0.04258852366846269
0.5690894398177034	0.043905694503569785
0.5712615369162444	0.04434475144860548
0.5734336340147852	0.03644172643796292
0.575605731113326	0.0395151250532128
0.5777778282118669	0.04214946672342699
0.5799499253104078	0.04171040977839129
0.5821220224089486	0.05180871951421234
0.5842941195074894	0.03863701116314141
0.5864662166060303	0.049174377843998154
0.5886383137045712	0.05180871951421234
0.590810410803112	0.06410231397521188
0.5929825079016529	0.05795551674471211
0.5951546050001937	0.059272687579819204
0.5973267020987346	0.055760232019533625
0.5994987991972754	0.07200533898585444
0.6016708962958163	0.0597117445248549
0.6038429933943571	0.06893194037060456
0.606015090492898	0.06585854175535467
0.6081871875914389	0.06366325703017618
0.6103592846899797	0.06541948481031898
0.6125313817885205	0.07420062371103293
0.6147034788870614	0.07200533898585444
0.6168755759856023	0.07507873760110433
0.6190476730841431	0.07683496538124712
0.6212197701826839	0.07507873760110433
0.6233918672812249	0.06585854175535467
0.6255639643797657	0.0785911931613899
0.6277360614783065	0.09176290151246085
0.6299081585768473	0.08561610428196108
0.6320802556753882	0.08649421817203247
0.6342523527739291	0.09264101540253224
0.6364244498724699	0.09439724318267503
0.6385965469710108	0.08825044595217527
0.6407686440695516	0.11239857792913864
0.6429407411680925	0.0992268695780677
0.6451128382666333	0.10932517931388876
0.6472849353651742	0.10756895153374596
0.649457032463715	0.11459386265431713
0.6516291295622559	0.11195952098410294
0.6538012266607968	0.1224968876649597
0.6559733237593376	0.13083896962063796
0.6581454208578784	0.1189844321046741
0.6603175179564194	0.11678914737949563
0.6624896150549602	0.12908274184049515
0.664661712153501	0.12381405850006678
0.6668338092520418	0.13479048212595923
0.6690059063505828	0.13566859601603062
0.6711780034491236	0.12644840017028097
0.6733501005476644	0.14664501964192306
0.6755221976462052	0.16464635438838668
0.6776942947447462	0.1571823863227798
0.679866391843287	0.15542615854263703
0.6820384889418278	0.16859786689370795
0.6842105860403687	0.17079315161888645
0.6863826831389096	0.17167126550895784
0.6885547802374504	0.16332918355327958
0.6907268773359913	0.15586521548767274
0.6928989744345321	0.1808914613547075
0.695071071533073	0.19011165720045717
0.6972431686316138	0.17606183495931482
0.6994152657301547	0.19406316970577844
0.7015873628286955	0.19055071414549285
0.7037594599272363	0.19406316970577844
0.7059315570257773	0.21645507390259902
0.7081036541243181	0.22479715585827728
0.7102757512228589	0.2173331877926704
0.7124478483213997	0.24982340172531206
0.7146199454199407	0.258604540626026
0.7167920425184815	0.22918772530863427
0.7189641396170223	0.25333585728559765
0.7211362367155632	0.25728736979091893
0.7233083338141041	0.25728736979091893
0.7254804309126449	0.262995110076383
0.7276525280111857	0.27616681842745394
0.7298246251097266	0.27353247675723974
0.7319967222082675	0.2845089003831322
0.7341688193068083	0.2976806087342031
0.7363409164053492	0.2985587226242745
0.73851301350389	0.33851290462252304
0.7406851106024309	0.30997420319520264
0.7428572077009717	0.33456139211720176
0.7450293047995126	0.3143647726455596
0.7472014018980534	0.3117304309753455
0.7493734989965943	0.3213896837661308
0.7515455960951352	0.35651423936898663
0.753717693193676	0.3582704671491294
0.7558897902922168	0.3437815879629514
0.7580618873907577	0.3718812324452361
0.7602339844892986	0.3819795421810571
0.7624060815878394	0.3929559658069495
0.7645781786863802	0.41183541444348454
0.7667502757849212	0.41051824360837746
0.768922372883462	0.4364226033654836
0.7710944699820028	0.4298367491899482
0.7732665670805436	0.4640831909027326
0.7754386641790845	0.4636441339576969
0.7776107612776254	0.49613434789033856
0.7797828583761662	0.47725489925380354
0.7819549554747071	0.5079888854063024
0.7841270525732479	0.5136966256917664
0.7862991496717888	0.49350000622012435
0.7884712467703296	0.5286245618229801
0.7906433438688705	0.5409181562839797
0.7928154409674113	0.5554070354701577
0.7949875380659522	0.5444306118442653
0.7971596351644931	0.5655053452059788
0.7993317322630339	0.587019135512728
0.8015038293615747	0.5988736730286919
0.8036759264601157	0.5993127299737275
0.8058480235586565	0.5848238507875495
0.8080201206571973	0.6168750077751555
0.8101922177557381	0.6528776772680827
0.8123643148542791	0.6726352397946891
0.8145364119528199	0.6871241189808671
0.8167085090513607	0.6765867523000103
0.8188806061499015	0.7139065926280447
0.8210527032484425	0.7218096176386872
0.8232248003469833	0.7499092621209719
0.8253968974455241	0.7402500093301865
0.827568994544065	0.8236708288869691
0.8297410916426059	0.7683496538124712
0.8319131887411467	0.7692277677025425
0.8340852858396876	0.8052304371954698
0.8362573829382284	0.8210364872167549
0.8384294800367693	0.8772357761813242
0.8406015771353101	0.8579172705997535
0.842773674233851	0.8961152248178592
0.8449457713323918	0.87460143451111
0.8471178684309326	0.9079697623338231
0.8492899655294736	0.9483630012771073
0.8514620626280144	0.9615347096281782
0.8536341597265552	0.9628518804632853
0.855806256825096	0.9874390693852844
0.857978353923637	0.9852437846601059
0.8601504510221778	1.06646931949171
0.8623225481207186	1.0695427181069599
0.8644946452192594	1.094129907028959
0.8666667423178004	1.0928127361938518
0.8688388394163412	1.1437433418179928
0.871010936514882	1.1656961890697777
0.8731830336134229	1.158232221004171
0.8753551307119638	1.2412139836159177
0.8775272278105046	1.250873236406703
0.8796993249090455	1.2429702113960606
0.8818714220075863	1.231993787770168
0.8840435191061272	1.2890711906248087
0.886215616204668	1.3119021517666651
0.8883877133032089	1.3457095365344138
0.8905598104017497	1.401908825498983
0.8927319075002906	1.4098118505096258
0.8949040045988315	1.3808340921372697
0.8970761016973723	1.4651330255841235
0.8992481987959131	1.5090387200876934
0.901420295894454	1.5858736854689406
0.9035923929929949	1.5239666562189071
0.9057644900915357	1.5292353395593354
0.9079365871900765	1.584995571578869
0.9101086842886174	1.620120127181725
0.9122807813871583	1.6451463730487597
0.9144528784856991	1.6837833842119012
0.9166249755842399	1.7355921037261135
0.9187970726827808	1.7206641675948997
0.9209691697813217	1.7584230648679697
0.9231412668798625	1.8172566955027534
0.9253133639784034	1.8163785816126818
0.9274854610769442	1.8607233330612873
0.9296575581754851	1.9041899706198215
0.931829655274026	1.9375582984425346
0.9340017523725668	1.9643407720897121
0.9361738494711076	2.024930630504638
0.9383459465696485	2.064884812502887
0.9405180436681894	2.109229563951492
0.9426901407667302	2.0433710221961374
0.944862237865271	2.150500916784848
0.947034334963812	2.1944066112884175
0.9492064320623528	2.1641116820809545
0.9513785291608936	2.2571917544285225
0.9535506262594344	2.2435809891324157
0.9557227233579754	2.2646557224941293
0.9578948204565162	2.3792495851484463
0.960066917555057	2.404714887960517
0.9622390146535978	2.3779324143133396
0.9644111117521388	2.467060974155586
0.9665832088506796	2.4648656894304075
0.9687553059492204	2.494721561692835
0.9709274030477613	2.5579457617779755
0.9730995001463022	2.6409275243897223
0.975271597244843	2.684833218893292
0.9774436943433839	2.6334635563241156
0.9796157914419247	2.7089813508702556
0.9817878885404655	2.74630119119829
0.9839599856390064	2.8938243247302844
0.9861320827375473	2.8165503024040013
0.9883041798360881	2.901288292795891
0.9904762769346289	2.953975126200175
0.9926483740331699	2.9368519053437825
0.9948204711317107	2.978562315122174
0.9969925682302515	3.028175749911208
0.9991646653287923	3.037835002701993
1.0013367624273333	3.1186214805885615
1.003508859525874	3.1199386514236687
1.005680956624415	3.181845680673702
1.0078530537229557	3.20248135709038
1.0100251508214966	3.266144614120556
1.0121972479200374	3.2551681904946634
1.0143693450185784	3.311367479459233
1.0165414421171193	3.395666412906087
1.01871353921566	3.4035694379167296
1.020885636314201	3.4373768226844783
1.0230577334127418	3.453182872705763
1.0252298305112826	3.4935761116490474
1.0274019276098234	3.562947108964688
1.0295740247083642	3.515089901955797
1.0317461218069053	3.6999328758158256
1.033918218905446	3.616951113204079
1.036090316003987	3.683248711904469
1.0382624131025278	3.647246042411542
1.0404345102010686	3.6621739785427554
1.0426066072996094	3.749107253659824
1.0447787043981502	3.8017940870641076
1.046950801496691	3.894874159411675
1.0491228985952321	3.842626382952427
1.051294995693773	3.8294546746013562
1.0534670927923138	3.858871489918748
1.0556391898908546	3.8830196218957114
1.0578112869893954	3.886093020510961
1.0599833840879362	3.912875494158139
1.062155481186477	3.971270067847887
1.064327578285018	3.9787340359134937
1.0664996753835587	3.985319890089029
1.0686717724820998	3.9984915984401
1.0708438695806406	3.9787340359134937
1.0730159666791814	3.9119973802680676
1.0751880637777222	3.961171758112066
1.077360160876263	3.894874159411675
1.079532257974804	3.978294978968458
1.0817043550733447	4.026152185977349
1.0838764521718856	3.881702451060604
1.0860485492704266	3.9638060997822797
1.0882206463689674	3.96687949839753
1.0903927434675083	3.8970694441368536
1.092564840566049	3.9594155303319227
1.09473693766459	3.881702451060604
1.0969090347631307	3.8233078773708566
1.0990811318616716	3.7899395495481434
1.1012532289602124	3.8105752259648216
1.1034253260587534	3.789061435658072
1.1055974231572943	3.7513025383850023
1.107769520255835	3.7429604564293237
1.109941617354376	3.6476850993565773
1.1121137144529167	3.642416416016149
1.1142858115514576	3.53309123670226
1.1164579086499984	3.5251882116916176
1.1186300057485392	3.4382549365745496
1.12080210284708	3.4505485310355493
1.122974199945621	3.382933761500052
1.125146297044162	3.290731803042555
1.1273183941427027	3.2376059126932355
1.1294904912412436	3.1581366056417743
1.1316625883397844	3.081740697205563
1.1338346854383252	3.0615440777339207
1.136006782536866	2.992612137363316
1.1381788796354069	2.8832869580494274
1.140350976733948	2.7840600884713598
1.1425230738324887	2.738837223132683
1.1446951709310296	2.6712224535971854
1.1468672680295704	2.591753146545724
1.1490393651281112	2.497794960308085
1.151211462226652	2.4565236074747294
1.1533835593251929	2.317342555898413
1.1555556564237337	2.2312873946714165
1.1577277535222747	2.1869426432228107
1.1598998506208156	2.05742084443728
1.1620719477193564	2.0227353457794597
1.1642440448178972	1.9134101664655712
1.166416141916438	1.7781806273945762
1.1685882390149789	1.7382264453963276
1.1707603361135197	1.6741241314211157
1.1729324332120605	1.6108999313359753
1.1751045303106016	1.5446023326355849
1.1772766274091424	1.428252242201125
1.1794487245076832	1.3417580240290925
1.181620821606224	1.3198051767773076
1.1837929187047649	1.2060894280130618
1.1859650158033057	1.1424261709828858
1.1881371129018465	1.0726161167222097
1.1903092100003874	0.9654862221334995
1.1924813070989282	0.9470458304420002
1.1946534041974692	0.8583563275447892
1.19682550129601	0.8254270566671119
1.198997598394551	0.756934173241543
1.2011696954930917	0.6774648661900817
1.2033417925916325	0.6111672674896914
1.2055138896901734	0.5624319465907289
1.2076859867887142	0.5672615729861216
1.209858083887255	0.4465209131013047
1.212030180985796	0.4390569450356978
1.214202278084337	0.41710409778391294
1.2163743751828777	0.3486112143583441
1.2185464722814185	0.3205115698760594
1.2207185693799594	0.30997420319520264
1.2228906664785002	0.2423594336597052
1.225062763577041	0.23752980726431253
1.2272348606755819	0.21162544750720635
1.229406957774123	0.19186788498059995
1.2315790548726637	0.17518372106924343
1.2337511519712046	0.14971841825717297
1.2359232490697454	0.13479048212595923
1.2380953461682862	0.11547197654438852
1.240267443266827	0.11283763487417434
1.2424395403653679	0.10625178069863887
1.2446116374639087	0.09527535707274642
1.2467837345624497	0.07200533898585444
1.2489558316609906	0.06673665564542607
1.2511279287595314	0.059272687579819204
1.2533000258580722	0.0597117445248549
1.255472122956613	0.0399541819982485
1.2576442200551539	0.046540036173783966
1.2598163171536947	0.040832295888319894
1.2619884142522355	0.03336832782271303
1.2641605113507763	0.03205115698760594
1.2663326084493174	0.02414813197696338
1.2685047055478582	0.023270018086891983
1.270676802646399	0.021074733361713494
1.2728488997449399	0.01844039169149931
1.2750209968434807	0.018879448636535005
1.2771930939420215	0.019318505581570704
1.2793651910405623	0.01624510696632082
1.2815372881391032	0.014488879186178028
1.2837093852376442	0.01009830973582105
1.285881482336185	0.010537366680856747
1.2880535794347259	0.009220195845749655
1.2902256765332667	0.009220195845749655
1.2923977736318075	0.004829626395392676
1.2945698707303483	0.00790302501064256
1.2967419678288892	0.005707740285464072
1.29891406492743	0.0074639680656068625
1.301086162025971	0.0052686833404283736
1.3032582591245119	0.0026343416702141868
1.3054303562230527	0.0052686833404283736
1.3076024533215935	0.002195284725178489
1.3097745504201344	0.004829626395392676
1.3119466475186752	0.0030733986152498846
1.314118744617216	0.0035124555602855825
1.3162908417157568	0.0030733986152498846
1.3184629388142979	0.002195284725178489
1.3206350359128387	0.0013171708351070934
1.3228071330113795	0.0017562277801427913
1.3249792301099204	0.0008781138900713956
1.3271513272084612	0.0017562277801427913
1.329323424307002	0.0013171708351070934
1.3314955214055428	0.0008781138900713956
1.3336676185040837	0.0008781138900713956
1.3358397156026245	0.0013171708351070934
1.3380118127011655	0.0013171708351070934
1.3401839097997064	0.0
1.3423560068982472	0.0004390569450356978
1.344528103996788	0.0013171708351070934
1.3467002010953288	0.0004390569450356978
1.3488722981938697	0.0004390569450356978
1.3510443952924105	0.0004390569450356978
1.3532164923909513	0.0004390569450356978
1.3553885894894924	0.0004390569450356978
1.3575606865880332	0.0004390569450356978
1.359732783686574	0.0013171708351070934
1.3619048807851148	0.0
1.3640769778836557	0.0004390569450356978
1.3662490749821965	0.0
1.3684211720807373	0.0
1.3705932691792782	0.0
1.3727653662778192	0.0
1.37493746337636	0.0
1.3771095604749009	0.0
1.3792816575734417	0.0
1.3814537546719825	0.0004390569450356978
1.3836258517705233	0.0
1.3857979488690642	0.0
1.387970045967605	0.0
1.390142143066146	0.0004390569450356978
1.3923142401646869	0.0
1.3944863372632277	0.0
1.3966584343617685	0.0
1.3988305314603093	0.0
1.4010026285588502	0.0
1.403174725657391	0.0
1.4053468227559318	0.0
1.4075189198544726	0.0
1.4096910169530137	0.0
1.4118631140515545	0.0
1.4140352111500953	0.0
1.4162073082486362	0.0
1.418379405347177	0.0
1.4205515024457178	0.0
1.4227235995442586	0.0
1.4248956966427995	0.0
1.4270677937413405	0.0
1.4292398908398813	0.0
1.4314119879384222	0.0
1.433584085036963	0.0
1.4357561821355038	0.0
1.4379282792340446	0.0
1.4401003763325855	0.0
1.4422724734311263	0.0
1.4444445705296673	0.0
1.4466166676282082	0.0
1.448788764726749	0.0
1.4509608618252898	0.0
1.4531329589238307	0.0
1.4553050560223715	0.0
1.4574771531209123	0.0
1.4596492502194531	0.0
1.4618213473179942	0.0
1.463993444416535	0.0
1.4661655415150758	0.0
1.4683376386136167	0.0
1.4705097357121575	0.0
1.4726818328106983	0.0
1.4748539299092391	0.0
1.47702602700778	0.0
1.4791981241063208	0.0
1.4813702212048618	0.0
1.4835423183034027	0.0
1.4857144154019435	0.0
1.4878865125004843	0.0
1.4900586095990251	0.0
1.492230706697566	0.0
1.4944028037961068	0.0
1.4965749008946476	0.0
1.4987469979931887	0.0
1.5009190950917295	0.0
1.5030911921902703	0.0
1.5052632892888111	0.0
1.507435386387352	0.0
1.5096074834858928	0.0
1.5117795805844336	0.0
1.5139516776829745	0.0
1.5161237747815155	0.0
1.5182958718800563	0.0
1.5204679689785972	0.0
1.522640066077138	0.0
1.5248121631756788	0.0
1.5269842602742196	0.0
1.5291563573727605	0.0
1.5313284544713013	0.0
1.5335005515698423	0.0
1.5356726486683832	0.0
1.537844745766924	0.0
1.5400168428654648	0.0
1.5421889399640056	0.0
1.5443610370625465	0.0
1.5465331341610873	0.0
1.5487052312596281	0.0
1.550877328358169	0.0
1.55304942545671	0.0
1.5552215225552508	0.0
1.5573936196537916	0.0
1.5595657167523325	0.0
1.5617378138508733	0.0
1.5639099109494141	0.0
1.566082008047955	0.0
1.5682541051464958	0.0
1.5704262022450368	0.0
1.5725982993435776	0.0
1.5747703964421185	0.0
1.5769424935406593	0.0
1.5791145906392001	0.0
1.581286687737741	0.0
1.5834587848362818	0.0
1.5856308819348226	0.0
1.5878029790333636	0.0
1.5899750761319045	0.0
1.5921471732304453	0.0
1.5943192703289861	0.0
1.596491367427527	0.0
1.5986634645260678	0.0
1.6008355616246086	0.0
1.6030076587231494	0.0
1.6051797558216905	0.0
1.6073518529202313	0.0
1.6095239500187721	0.0
1.611696047117313	0.0
1.6138681442158538	0.0
1.6160402413143946	0.0
1.6182123384129354	0.0
1.6203844355114763	0.0
1.622556532610017	0.0
1.6247286297085581	0.0
1.626900726807099	0.0
1.6290728239056398	0.0
1.6312449210041806	0.0
1.6334170181027214	0.0
1.6355891152012623	0.0
1.637761212299803	0.0
1.639933309398344	0.0
1.642105406496885	0.0
1.6442775035954258	0.0
1.6464496006939666	0.0
1.6486216977925074	0.0
1.6507937948910483	0.0
1.652965891989589	0.0
1.65513798908813	0.0
1.6573100861866708	0.0
1.6594821832852118	0.0
1.6616542803837526	0.0
1.6638263774822935	0.0
1.6659984745808343	0.0
1.668170571679375	0.0
1.670342668777916	0.0
1.6725147658764568	0.0
1.6746868629749976	0.0
1.6768589600735386	0.0
1.6790310571720795	0.0
1.6812031542706203	0.0
1.683375251369161	0.0
1.685547348467702	0.0
1.6877194455662428	0.0
1.6898915426647836	0.0
1.6920636397633244	0.0
1.6942357368618652	0.0
1.6964078339604063	0.0
1.6985799310589471	0.0
1.700752028157488	0.0
1.7029241252560288	0.0
1.7050962223545696	0.0
1.7072683194531104	0.0
1.7094404165516512	0.0
1.711612513650192	0.0
1.7137846107487331	0.0
1.715956707847274	0.0
1.7181288049458148	0.0
1.7203009020443556	0.0
1.7224729991428964	0.0
1.7246450962414372	0.0
1.726817193339978	0.0
1.728989290438519	0.0
1.73116138753706	0.0
1.7333334846356008	0.0
1.7355055817341416	0.0
1.7376776788326824	0.0
1.7398497759312233	0.0
1.742021873029764	0.0
1.744193970128305	0.0
1.7463660672268457	0.0
1.7485381643253868	0.0
1.7507102614239276	0.0
1.7528823585224684	0.0
1.7550544556210093	0.0
1.75722655271955	0.0
1.759398649818091	0.0
1.7615707469166317	0.0
1.7637428440151726	0.0
1.7659149411137134	0.0
1.7680870382122544	0.0
1.7702591353107953	0.0
1.772431232409336	0.0
1.774603329507877	0.0
1.7767754266064177	0.0
1.7789475237049586	0.0
1.7811196208034994	0.0
1.7832917179020402	0.0
1.7854638150005813	0.0
1.787635912099122	0.0
1.789808009197663	0.0
1.7919801062962037	0.0
1.7941522033947446	0.0
1.7963243004932854	0.0
1.7984963975918262	0.0
1.800668494690367	0.0
1.802840591788908	0.0
1.805012688887449	0.0
1.8071847859859898	0.0
1.8093568830845306	0.0
1.8115289801830714	0.0
1.8137010772816122	0.0
1.815873174380153	0.0
1.8180452714786939	0.0
1.8202173685772347	0.0
1.8223894656757758	0.0
1.8245615627743166	0.0
1.8267336598728574	0.0
1.8289057569713982	0.0
1.831077854069939	0.0
1.8332499511684799	0.0
1.8354220482670207	0.0
1.8375941453655615	0.0
1.8397662424641026	0.0
1.8419383395626434	0.0
1.8441104366611842	0.0
1.846282533759725	0.0
1.848454630858266	0.0
1.8506267279568067	0.0
1.8527988250553475	0.0
1.8549709221538884	0.0
1.8571430192524294	0.0
1.8593151163509702	0.0
1.861487213449511	0.0
1.863659310548052	0.0
1.8658314076465927	0.0
1.8680035047451335	0.0
1.8701756018436744	0.0
1.8723476989422152	0.0
1.8745197960407562	0.0
1.876691893139297	0.0
1.878863990237838	0.0
1.8810360873363787	0.0
1.8832081844349196	0.0
1.8853802815334604	0.0
1.8875523786320012	0.0
1.889724475730542	0.0
1.8918965728290829	0.0
1.894068669927624	0.0
1.8962407670261647	0.0
1.8984128641247056	0.0
1.9005849612232464	0.0
1.9027570583217872	0.0
1.904929155420328	0.0
1.9071012525188689	0.0
1.9092733496174097	0.0
1.9114454467159507	0.0
1.9136175438144916	0.0
1.9157896409130324	0.0
1.9179617380115732	0.0
1.920133835110114	0.0
1.9223059322086549	0.0
1.9244780293071957	0.0
1.9266501264057365	0.0
1.9288222235042776	0.0
1.9309943206028184	0.0
1.9331664177013592	0.0
1.9353385147999	0.0
1.9375106118984409	0.0
1.9396827089969817	0.0
1.9418548060955225	0.0
1.9440269031940633	0.0
1.9461990002926044	0.0
1.9483710973911452	0.0
1.950543194489686	0.0
1.9527152915882269	0.0
1.9548873886867677	0.0
1.9570594857853085	0.0
1.9592315828838494	0.0
1.9614036799823902	0.0
1.963575777080931	0.0
1.965747874179472	0.0
1.9679199712780129	0.0
1.9700920683765537	0.0
1.9722641654750945	0.0
1.9744362625736354	0.0
1.9766083596721762	0.0
1.978780456770717	0.0
1.9809525538692578	0.0
1.9831246509677989	0.0
1.9852967480663397	0.0
1.9874688451648805	0.0
1.9896409422634214	0.0
1.9918130393619622	0.0
1.993985136460503	0.0
1.9961572335590438	0.0
1.9983293306575847	0.0
2.0005014277561255	0.0
2.0026735248546665	0.0
2.004845621953207	0.0
2.007017719051748	0.0
2.0091898161502892	0.0
2.01136191324883	0.0
2.013534010347371	0.0
2.0157061074459115	0.0
2.0178782045444525	0.0
2.020050301642993	0.0
2.022222398741534	0.0
2.024394495840075	0.0
2.026566592938616	0.0
2.028738690037157	0.0
2.0309107871356975	0.0
2.0330828842342386	0.0
2.035254981332779	0.0
2.03742707843132	0.0
2.039599175529861	0.0
2.041771272628402	0.0
2.0439433697269425	0.0
2.0461154668254835	0.0
2.0482875639240246	0.0
2.050459661022565	0.0
2.052631758121106	0.0
2.054803855219647	0.0
2.056975952318188	0.0
2.0591480494167285	0.0
2.0613201465152695	0.0
2.0634922436138106	0.0
2.065664340712351	0.0
2.067836437810892	0.0
2.070008534909433	0.0
2.072180632007974	0.0
2.0743527291065145	0.0
2.0765248262050555	0.0
2.078696923303596	0.0
2.080869020402137	0.0
2.083041117500678	0.0
2.085213214599219	0.0
2.08738531169776	0.0
2.0895574087963005	0.0
2.0917295058948415	0.0
2.093901602993382	0.0
2.096073700091923	0.0
2.0982457971904642	0.0
2.100417894289005	0.0
2.102589991387546	0.0
2.1047620884860865	0.0
2.1069341855846275	0.0
2.109106282683168	0.0
2.111278379781709	0.0
2.11345047688025	0.0
2.115622573978791	0.0
2.117794671077332	0.0
2.1199667681758725	0.0
2.1221388652744135	0.0
2.124310962372954	0.0
2.126483059471495	0.0
2.128655156570036	0.0
2.130827253668577	0.0
2.1329993507671174	0.0
2.1351714478656585	0.0
2.1373435449641995	0.0
2.13951564206274	0.0
2.141687739161281	0.0
2.143859836259822	0.0
2.146031933358363	0.0
2.1482040304569034	0.0
2.1503761275554445	0.0
2.1525482246539855	0.0
2.154720321752526	0.0
2.156892418851067	0.0
2.159064515949608	0.0
2.161236613048149	0.0
2.1634087101466895	0.0
2.1655808072452305	0.0
2.167752904343771	0.0
