0.0	0.0
0.005027395208236691	0.0
0.010054790416473383	0.0
0.015082185624710073	0.0
0.020109580832946766	0.0
0.025136976041183454	0.0
0.030164371249420147	0.0
0.035191766457656835	0.0
0.04021916166589353	0.0
0.04524655687413022	0.0
0.05027395208236691	0.0
0.055301347290603604	0.0
0.06032874249884029	0.0
0.06535613770707699	0.0
0.07038353291531367	0.0
0.07541092812355037	0.0
0.08043832333178706	0.0
0.08546571854002374	0.0
0.09049311374826044	0.0
0.09552050895649714	0.0
0.10054790416473382	0.0
0.10557529937297051	0.0
0.11060269458120721	0.0
0.11563008978944389	0.0
0.12065748499768059	0.0
0.12568488020591728	0.0
0.13071227541415398	0.0
0.13573967062239065	0.0
0.14076706583062734	0.0
0.14579446103886404	0.0
0.15082185624710073	0.0
0.15584925145533743	0.0
0.16087664666357412	0.0
0.1659040418718108	0.0
0.1709314370800475	0.0
0.17595883228828418	0.0
0.18098622749652088	0.0
0.18601362270475758	0.0
0.19104101791299427	0.0
0.19606841312123094	0.0
0.20109580832946763	0.0
0.20612320353770433	0.0
0.21115059874594103	0.0
0.21617799395417772	0.0
0.22120538916241442	0.0
0.22623278437065109	0.0
0.23126017957888778	0.0
0.23628757478712448	0.0
0.24131496999536117	0.0
0.24634236520359787	0.0
0.25136976041183456	0.0
0.25639715562007126	0.0
0.26142455082830796	0.0
0.26645194603654465	0.0
0.2714793412447813	0.0
0.276506736453018	0.0
0.2815341316612547	0.0
0.2865615268694914	0.0
0.2915889220777281	0.0
0.29661631728596477	0.0
0.30164371249420147	0.0
0.30667110770243816	0.0
0.31169850291067486	0.0
0.31672589811891155	0.0
0.32175329332714825	0.0
0.32678068853538494	0.0
0.3318080837436216	0.0
0.3368354789518583	0.0
0.341862874160095	0.0
0.34689026936833167	0.0
0.35191766457656837	0.0
0.35694505978480506	0.0
0.36197245499304176	0.0
0.36699985020127845	0.0
0.37202724540951515	0.0
0.37705464061775185	0.0
0.38208203582598854	0.0
0.38710943103422524	0.0
0.3921368262424619	0.0
0.3971642214506986	0.0
0.40219161665893527	0.0
0.40721901186717196	0.0
0.41224640707540866	0.0
0.41727380228364536	0.0
0.42230119749188205	0.0
0.42732859270011875	0.0
0.43235598790835544	0.0
0.43738338311659214	0.0
0.44241077832482884	0.0
0.44743817353306553	0.0
0.45246556874130217	0.0
0.45749296394953887	0.0
0.46252035915777556	0.0
0.46754775436601226	0.0
0.47257514957424895	0.0
0.47760254478248565	0.0
0.48262993999072235	0.0
0.48765733519895904	0.0
0.49268473040719574	0.0
0.49771212561543243	0.0
0.5027395208236691	0.0
0.5077669160319058	0.0
0.5127943112401425	0.0
0.5178217064483792	0.0
0.5228491016566159	0.0
0.5278764968648526	0.0
0.5329038920730893	0.0
0.537931287281326	0.0
0.5429586824895626	0.0
0.5479860776977993	0.0
0.553013472906036	0.0
0.5580408681142727	0.0
0.5630682633225094	0.0
0.5680956585307461	0.0
0.5731230537389828	0.0
0.5781504489472195	0.0
0.5831778441554561	0.0
0.5882052393636928	0.0
0.5932326345719295	0.0
0.5982600297801662	0.0
0.6032874249884029	0.0
0.6083148201966396	0.0
0.6133422154048763	0.0
0.618369610613113	0.0
0.6233970058213497	0.0
0.6284244010295864	0.0
0.6334517962378231	0.0
0.6384791914460598	0.0
0.6435065866542965	0.0
0.6485339818625332	0.0
0.6535613770707699	0.0
0.6585887722790065	0.0
0.6636161674872432	0.0
0.6686435626954799	0.0
0.6736709579037166	0.0
0.6786983531119533	0.0
0.68372574832019	0.0
0.6887531435284266	0.0
0.6937805387366633	0.0
0.6988079339449	0.0
0.7038353291531367	0.0
0.7088627243613734	0.0
0.7138901195696101	0.0
0.7189175147778468	0.0
0.7239449099860835	0.0
0.7289723051943202	0.0
0.7339997004025569	0.0
0.7390270956107936	0.0
0.7440544908190303	0.0
0.749081886027267	0.0
0.7541092812355037	0.0
0.7591366764437404	0.0
0.7641640716519771	0.0
0.7691914668602138	0.0
0.7742188620684505	0.0
0.7792462572766871	0.0
0.7842736524849238	0.0
0.7893010476931605	0.0
0.7943284429013971	0.0
0.7993558381096338	0.0
0.8043832333178705	0.0
0.8094106285261072	0.0
0.8144380237343439	0.0
0.8194654189425806	0.0
0.8244928141508173	0.0
0.829520209359054	0.0
0.8345476045672907	0.0
0.8395749997755274	0.0
0.8446023949837641	0.0
0.8496297901920008	0.0
0.8546571854002375	0.0
0.8596845806084742	0.0
0.8647119758167109	0.0
0.8697393710249476	0.0
0.8747667662331843	0.0
0.879794161441421	0.0
0.8848215566496577	0.0
0.8898489518578944	0.0
0.8948763470661311	0.0
0.8999037422743676	0.0
0.9049311374826043	0.0
0.909958532690841	0.0
0.9149859278990777	0.0
0.9200133231073144	0.0
0.9250407183155511	0.0
0.9300681135237878	0.0
0.9350955087320245	0.0
0.9401229039402612	0.0
0.9451502991484979	0.0
0.9501776943567346	0.0
0.9552050895649713	0.0
0.960232484773208	0.0
0.9652598799814447	0.0
0.9702872751896814	0.0
0.9753146703979181	0.0
0.9803420656061548	0.0
0.9853694608143915	0.0
0.9903968560226282	0.0
0.9954242512308649	0.0
1.0004516464391016	0.0
1.0054790416473383	0.0
1.010506436855575	0.0
1.0155338320638116	0.0
1.0205612272720483	0.0
1.025588622480285	0.0
1.0306160176885217	0.0
1.0356434128967584	0.0
1.0406708081049951	0.0
1.0456982033132318	0.0
1.0507255985214685	0.0
1.0557529937297052	0.0
1.060780388937942	0.0
1.0658077841461786	0.0
1.0708351793544153	0.0
1.075862574562652	0.0
1.0808899697708885	0.0
1.0859173649791252	0.0
1.0909447601873619	0.0
1.0959721553955986	0.0
1.1009995506038353	0.0
1.106026945812072	0.0
1.1110543410203086	0.0
1.1160817362285453	0.0
1.121109131436782	0.0
1.1261365266450187	0.0
1.1311639218532554	0.0
1.1361913170614921	0.0
1.1412187122697288	0.0
1.1462461074779655	0.0
1.1512735026862022	0.0
1.156300897894439	0.0
1.1613282931026756	0.0
1.1663556883109123	0.0
1.171383083519149	0.0
1.1764104787273857	0.0
1.1814378739356224	0.0
1.186465269143859	0.0
1.1914926643520958	0.0
1.1965200595603325	0.0
1.2015474547685692	0.0
1.2065748499768059	0.0
1.2116022451850426	0.0
1.2166296403932793	0.0
1.221657035601516	0.0
1.2266844308097526	0.0
1.2317118260179893	0.0
1.236739221226226	0.0
1.2417666164344627	0.0
1.2467940116426994	0.0
1.2518214068509361	0.0
1.2568488020591728	0.0
1.2618761972674095	0.0
1.2669035924756462	0.0
1.271930987683883	0.0
1.2769583828921196	0.0
1.2819857781003563	0.0
1.287013173308593	0.0
1.2920405685168297	0.0
1.2970679637250664	0.0
1.302095358933303	0.0
1.3071227541415398	0.0
1.3121501493497765	0.0
1.317177544558013	0.0
1.3222049397662496	0.0
1.3272323349744863	0.0
1.332259730182723	0.0
1.3372871253909597	0.0
1.3423145205991964	0.0
1.3473419158074331	0.0
1.3523693110156698	0.0
1.3573967062239065	0.0
1.3624241014321432	0.0
1.36745149664038	0.0
1.3724788918486166	0.0
1.3775062870568533	0.0
1.38253368226509	0.0
1.3875610774733267	0.0
1.3925884726815634	0.0
1.3976158678898	0.0
1.4026432630980368	0.0
1.4076706583062735	0.0
1.4126980535145102	0.0
1.4177254487227469	0.0
1.4227528439309836	0.0
1.4277802391392203	0.0
1.432807634347457	0.0
1.4378350295556936	0.0
1.4428624247639303	0.0
1.447889819972167	0.0
1.4529172151804037	0.0
1.4579446103886404	0.0
1.4629720055968771	0.0
1.4679994008051138	0.0
1.4730267960133505	0.0
1.4780541912215872	0.0
1.483081586429824	0.0
1.4881089816380606	0.0
1.4931363768462973	0.0
1.498163772054534	0.0
1.5031911672627707	0.0
1.5082185624710074	0.0
1.513245957679244	0.0
1.5182733528874808	0.0
1.5233007480957175	0.0
1.5283281433039542	0.0
1.5333555385121909	0.0
1.5383829337204276	0.0
1.5434103289286643	0.0
1.548437724136901	0.0
1.5534651193451376	0.0
1.5584925145533741	0.0
1.5635199097616108	0.0
1.5685473049698475	0.0
1.5735747001780842	0.0
1.578602095386321	0.0
1.5836294905945576	0.0
1.5886568858027943	0.0
1.593684281011031	0.0
1.5987116762192677	0.0
1.6037390714275044	0.0
1.608766466635741	0.0
1.6137938618439778	0.0
1.6188212570522145	0.0
1.6238486522604512	0.0
1.6288760474686879	0.0
1.6339034426769246	0.0
1.6389308378851613	0.0
1.643958233093398	0.0
1.6489856283016346	0.0
1.6540130235098713	0.0
1.659040418718108	0.0
1.6640678139263447	0.0
1.6690952091345814	0.0
1.6741226043428181	0.0
1.6791499995510548	0.0
1.6841773947592915	0.0
1.6892047899675282	0.0
1.694232185175765	0.0
1.6992595803840016	0.0
1.7042869755922383	0.0
1.709314370800475	0.0
1.7143417660087117	0.0
1.7193691612169484	0.0
1.724396556425185	0.0
1.7294239516334218	0.0
1.7344513468416585	0.0
1.7394787420498952	0.0
1.7445061372581319	0.0
1.7495335324663686	0.0
1.7545609276746053	0.0
1.759588322882842	0.0
1.7646157180910786	0.0
1.7696431132993153	0.0
1.774670508507552	0.0
1.7796979037157887	0.0
1.7847252989240254	0.0
1.7897526941322621	0.0
1.7947800893404986	0.0
1.7998074845487353	0.0
1.804834879756972	0.0
1.8098622749652087	0.0
1.8148896701734454	0.0
1.819917065381682	0.0
1.8249444605899188	0.0
1.8299718557981555	0.0
1.8349992510063922	0.0
1.8400266462146289	0.0
1.8450540414228656	0.0
1.8500814366311022	0.0
1.855108831839339	0.0
1.8601362270475756	0.0
1.8651636222558123	0.0
1.870191017464049	0.0
1.8752184126722857	0.0
1.8802458078805224	0.0
1.8852732030887591	0.0
1.8903005982969958	0.0
1.8953279935052325	0.0
1.9003553887134692	0.0
1.905382783921706	0.0
1.9104101791299426	0.0
1.9154375743381793	0.0
1.920464969546416	0.0
1.9254923647546527	0.0
1.9305197599628894	0.0
1.935547155171126	0.0
1.9405745503793628	0.0
1.9456019455875995	0.0
1.9506293407958362	0.0
1.9556567360040729	0.0
1.9606841312123096	0.0
1.9657115264205463	0.0
1.970738921628783	0.0
1.9757663168370196	0.0
1.9807937120452563	0.0
1.985821107253493	0.0
1.9908485024617297	0.0
1.9958758976699664	0.0
2.000903292878203	0.0
2.0059306880864396	0.0
2.0109580832946765	0.0
2.015985478502913	0.0
2.02101287371115	0.0
2.0260402689193864	0.0
2.0310676641276233	0.0
2.0360950593358598	0.0
2.0411224545440967	0.0
2.046149849752333	0.0
2.05117724496057	0.0
2.0562046401688066	0.0
2.0612320353770435	0.0
2.06625943058528	0.0
2.071286825793517	0.0
2.0763142210017533	0.0
2.0813416162099903	0.0
2.0863690114182267	0.0
2.0913964066264636	0.0
2.0964238018347	0.0
2.101451197042937	0.0
2.1064785922511735	0.0
2.1115059874594104	0.0
2.116533382667647	0.0
2.121560777875884	0.0
2.1265881730841203	0.0
2.131615568292357	0.0
2.1366429635005937	0.0
2.1416703587088306	0.0
2.146697753917067	0.0
2.151725149125304	0.0
2.1567525443335405	0.0
2.161779939541777	0.0
2.166807334750014	0.0
2.1718347299582503	0.0
2.1768621251664872	0.0
2.1818895203747237	0.0
2.1869169155829606	0.0
2.191944310791197	0.0
2.196971705999434	0.0
2.2019991012076705	0.0
2.2070264964159074	0.0
2.212053891624144	0.0
2.217081286832381	0.0
2.2221086820406173	0.0
2.227136077248854	0.0
2.2321634724570907	0.0
2.2371908676653276	0.0
2.242218262873564	0.0
2.247245658081801	0.0
2.2522730532900375	0.0
2.2573004484982744	0.0
2.262327843706511	0.0
2.2673552389147478	0.0
2.2723826341229842	0.0
2.277410029331221	0.0
2.2824374245394576	0.0
2.2874648197476946	0.0
2.292492214955931	0.0
2.297519610164168	0.0
2.3025470053724044	0.0
2.3075744005806413	0.0
2.312601795788878	0.0
2.3176291909971147	0.0
2.322656586205351	0.0
2.327683981413588	0.0
2.3327113766218246	0.0
2.3377387718300615	0.0
2.342766167038298	0.0
2.347793562246535	0.0
2.3528209574547714	0.0
2.3578483526630083	0.0
2.3628757478712448	0.0
2.3679031430794817	0.0
2.372930538287718	0.0
2.377957933495955	0.0
2.3829853287041916	0.0
2.3880127239124285	0.0
2.393040119120665	0.0
2.3980675143289014	0.0
2.4030949095371383	0.0
2.408122304745375	0.0
2.4131496999536117	0.0
2.418177095161848	0.0
2.423204490370085	0.0
2.4282318855783216	0.0
2.4332592807865585	0.0
2.438286675994795	0.0
2.443314071203032	0.0
2.4483414664112684	0.0
2.4533688616195053	0.0
2.4583962568277418	0.0
2.4634236520359787	0.0
2.468451047244215	0.0
2.473478442452452	0.0
2.4785058376606885	0.0
2.4835332328689255	0.0
2.488560628077162	0.0
2.493588023285399	0.0
2.4986154184936353	0.0
2.5036428137018722	0.00018969551366158495
2.5086702089101087	0.0
2.5136976041183456	0.0
2.518724999326582	0.0
2.523752394534819	0.0
2.5287797897430555	0.00018969551366158495
2.5338071849512924	0.0
2.538834580159529	0.00018969551366158495
2.543861975367766	0.00018969551366158495
2.5488893705760023	0.00018969551366158495
2.553916765784239	0.0
2.5589441609924757	0.00018969551366158495
2.5639715562007126	0.00018969551366158495
2.568998951408949	0.00018969551366158495
2.574026346617186	0.0003793910273231699
2.5790537418254225	0.0007587820546463398
2.5840811370336594	0.00018969551366158495
2.589108532241896	0.0009484775683079248
2.5941359274501328	0.0013278685956310946
2.5991633226583692	0.0009484775683079248
2.604190717866606	0.0007587820546463398
2.6092181130748426	0.0018969551366158496
2.6142455082830796	0.0017072596229542646
2.619272903491316	0.003224823732246944
2.624300298699553	0.004362996814216454
2.6293276939077894	0.004362996814216454
2.634355089116026	0.007777516060124983
2.639382484324263	0.007208429519140228
2.6444098795324993	0.007587820546463398
2.649437274740736	0.010243557737725588
2.6544646699489727	0.013278685956310947
2.6594920651572096	0.019918028934466418
2.664519460365446	0.026557371912621894
2.669546855573683	0.03414519245908529
2.6745742507819195	0.03945666684160967
2.6796016459901564	0.049700224579335255
2.684629041198393	0.06639342978155473
2.6896564364066298	0.0908641510438992
2.6946838316148662	0.1071779652187955
2.699711226823103	0.136201378809018
2.7047386220313396	0.174140481541335
2.7097660172395766	0.2206158823884233
2.714793412447813	0.2982013474760115
2.71982080765605	0.3778734632138772
2.7248482028642864	0.4992785919572916
2.7298755980725233	0.6278921502198462
2.73490299328076	0.7849600355316385
2.7399303884889967	0.9913487543954429
2.744957783697233	1.2612854703358782
2.74998517890547	1.625690552079783
2.7550125741137066	2.0026155377253523
2.7600399693219435	2.5140346425569855
2.76506736453018	3.0751539719679535
2.770094759738417	3.8005496162098544
2.7751221549466534	4.518926526446276
2.7801495501548903	5.4137202643879725
2.7851769453631268	6.433713041346315
2.7902043405713637	7.5551929181136055
2.7952317357796	8.643286384476456
2.800259130987837	9.752056661828421
2.8052865261960735	10.752890191906943
2.8103139214043105	11.593241317427765
2.815341316612547	12.339313772658778
2.820368711820784	12.800463566370091
2.8253961070290203	12.947856980485142
2.8304235022372572	12.617217700173
2.8354508974454937	11.98173772940669
2.8404782926537306	10.986974455765338
2.845505687861967	9.691923183997698
2.850533083070204	8.339963258131583
2.8555604782784405	6.733052561904296
2.8605878734866774	5.371038773814116
2.865615268694914	3.943769729024351
2.8706426639031504	2.8323437144811248
2.8756700591113873	1.9476038387634926
2.8806974543196238	1.234917793936918
2.8857248495278607	0.7398125032801813
2.890752244736097	0.42510764611561186
2.895779639944334	0.21644258108786843
2.9008070351525705	0.11818030501116743
2.9058344303608075	0.0504590066339816
2.910861825569044	0.02257376612572861
2.915889220777281	0.008536298114771322
2.9209166159855173	0.003983605786893284
2.9259440111937542	0.0011381730819695097
2.9309714064019907	0.00018969551366158495
2.9359988016102276	0.0
2.941026196818464	0.0
2.946053592026701	0.0
2.9510809872349375	0.0
2.9561083824431744	0.0
2.961135777651411	0.0
2.966163172859648	0.0
2.9711905680678843	0.0
2.976217963276121	0.0
2.9812453584843577	0.0
2.9862727536925946	0.0
2.991300148900831	0.0
2.996327544109068	0.0
3.0013549393173045	0.0
3.0063823345255414	0.0
3.011409729733778	0.0
3.0164371249420148	0.0
3.0214645201502512	0.0
3.026491915358488	0.0
3.0315193105667246	0.0
3.0365467057749616	0.0
3.041574100983198	0.0
3.046601496191435	0.0
3.0516288913996714	0.0
3.0566562866079083	0.0
3.061683681816145	0.0
3.0667110770243817	0.0
3.071738472232618	0.0
3.076765867440855	0.0
3.0817932626490916	0.0
3.0868206578573285	0.0
3.091848053065565	0.0
3.096875448273802	0.0
3.1019028434820384	0.0
3.1069302386902753	0.0
3.1119576338985118	0.0
3.1169850291067482	0.0
3.122012424314985	0.0
3.1270398195232216	0.0
3.1320672147314585	0.0
3.137094609939695	0.0
3.142122005147932	0.0
3.1471494003561684	0.0
3.1521767955644053	0.0
3.157204190772642	0.0
3.1622315859808787	0.0
3.167258981189115	0.0
3.172286376397352	0.0
3.1773137716055886	0.0
3.1823411668138255	0.0
3.187368562022062	0.0
3.192395957230299	0.0
3.1974233524385354	0.0
3.2024507476467723	0.0
3.2074781428550088	0.0
3.2125055380632457	0.0
3.217532933271482	0.0
3.222560328479719	0.0
3.2275877236879555	0.0
3.2326151188961925	0.0
3.237642514104429	0.0
3.242669909312666	0.0
3.2476973045209023	0.0
3.2527246997291392	0.0
3.2577520949373757	0.0
3.2627794901456126	0.0
3.267806885353849	0.0
3.272834280562086	0.0
3.2778616757703225	0.0
3.2828890709785594	0.0
3.287916466186796	0.0
3.292943861395033	0.0
3.2979712566032693	0.0
3.302998651811506	0.0
3.3080260470197427	0.0
3.3130534422279796	0.0
3.318080837436216	0.0
3.323108232644453	0.0
3.3281356278526895	0.0
3.3331630230609264	0.0
3.338190418269163	0.0
3.3432178134773998	0.0
3.3482452086856362	0.0
3.3532726038938727	0.0
3.3582999991021096	0.0
3.363327394310346	0.0
3.368354789518583	0.0
3.3733821847268195	0.0
3.3784095799350564	0.0
3.383436975143293	0.0
3.38846437035153	0.0
3.3934917655597663	0.0
3.398519160768003	0.0
3.4035465559762397	0.0
3.4085739511844766	0.0
3.413601346392713	0.0
3.41862874160095	0.0
3.4236561368091865	0.0
3.4286835320174234	0.0
3.43371092722566	0.0
3.4387383224338968	0.0
3.4437657176421332	0.0
3.44879311285037	0.0
3.4538205080586066	0.0
3.4588479032668435	0.0
3.46387529847508	0.0
3.468902693683317	0.0
3.4739300888915534	0.0
3.4789574840997903	0.0
3.483984879308027	0.0
3.4890122745162637	0.0
3.4940396697245	0.0
3.499067064932737	0.0
3.5040944601409736	0.0
3.5091218553492105	0.0
3.514149250557447	0.0
3.519176645765684	0.0
3.5242040409739204	0.0
3.5292314361821573	0.0
3.5342588313903938	0.0
3.5392862265986307	0.0
3.544313621806867	0.0
3.549341017015104	0.0
3.5543684122233405	0.0
3.5593958074315775	0.0
3.564423202639814	0.0
3.569450597848051	0.0
3.5744779930562873	0.0
3.5795053882645242	0.0
3.5845327834727607	0.0
3.589560178680997	0.0
3.594587573889234	0.0
3.5996149690974706	0.0
3.6046423643057075	0.0
3.609669759513944	0.0
3.614697154722181	0.0
3.6197245499304174	0.0
3.6247519451386543	0.0
3.6297793403468908	0.0
3.6348067355551277	0.0
3.639834130763364	0.0
3.644861525971601	0.0
3.6498889211798375	0.0
3.6549163163880745	0.0
3.659943711596311	0.0
3.664971106804548	0.0
3.6699985020127843	0.0
3.6750258972210212	0.0
3.6800532924292577	0.0
3.6850806876374946	0.0
3.690108082845731	0.0
3.695135478053968	0.0
3.7001628732622045	0.0
3.7051902684704414	0.0
3.710217663678678	0.0
3.715245058886915	0.0
3.7202724540951513	0.0
3.725299849303388	0.0
3.7303272445116247	0.0
3.7353546397198616	0.0
3.740382034928098	0.0
3.745409430136335	0.0
3.7504368253445715	0.0
3.7554642205528084	0.0
3.760491615761045	0.0
3.7655190109692818	0.0
3.7705464061775182	0.0
3.775573801385755	0.0
3.7806011965939916	0.0
3.7856285918022285	0.0
3.790655987010465	0.0
3.795683382218702	0.0
3.8007107774269384	0.0
3.8057381726351753	0.0
3.810765567843412	0.0
3.8157929630516487	0.0
3.820820358259885	0.0
3.825847753468122	0.0
3.8308751486763586	0.0
3.835902543884595	0.0
3.840929939092832	0.0
3.8459573343010685	0.0
3.8509847295093054	0.0
3.856012124717542	0.0
3.8610395199257788	0.0
3.8660669151340152	0.0
3.871094310342252	0.0
3.8761217055504886	0.0
3.8811491007587255	0.0
3.886176495966962	0.0
3.891203891175199	0.0
3.8962312863834354	0.0
3.9012586815916723	0.0
3.906286076799909	0.0
3.9113134720081457	0.0
3.916340867216382	0.0
3.921368262424619	0.0
3.9263956576328556	0.0
3.9314230528410925	0.0
3.936450448049329	0.0
3.941477843257566	0.0
3.9465052384658024	0.0
3.9515326336740393	0.0
3.9565600288822758	0.0
3.9615874240905127	0.0
3.966614819298749	0.0
3.971642214506986	0.0
3.9766696097152225	0.0
3.9816970049234595	0.0
3.986724400131696	0.0
3.991751795339933	0.0
3.9967791905481693	0.0
4.001806585756406	0.0
4.006833980964643	0.0
4.011861376172879	0.0
4.016888771381116	0.0
4.021916166589353	0.0
4.02694356179759	0.0
4.031970957005826	0.0
4.036998352214063	0.0
4.0420257474223	0.0
4.047053142630537	0.0
4.052080537838773	0.0
4.05710793304701	0.0
4.062135328255247	0.0
4.067162723463483	0.0
4.0721901186717195	0.0
4.0772175138799565	0.0
4.082244909088193	0.0
4.087272304296429	0.0
4.092299699504666	0.0
4.097327094712903	0.0
4.10235448992114	0.0
4.107381885129376	0.0
4.112409280337613	0.0
4.11743667554585	0.0
4.122464070754087	0.0
4.127491465962323	0.0
4.13251886117056	0.0
4.137546256378797	0.0
4.142573651587034	0.0
4.14760104679527	0.0
4.152628442003507	0.0
4.157655837211744	0.0
4.1626832324199805	0.0
4.1677106276282165	0.0
4.1727380228364535	0.0
4.17776541804469	0.0
4.182792813252927	0.0
4.187820208461163	0.0
4.1928476036694	0.0
4.197874998877637	0.0
4.202902394085874	0.0
4.20792978929411	0.0
4.212957184502347	0.0
4.217984579710584	0.0
4.223011974918821	0.0
4.228039370127057	0.0
4.233066765335294	0.0
4.238094160543531	0.0
4.243121555751768	0.0
4.248148950960004	0.0
4.253176346168241	0.0
4.2582037413764775	0.0
4.263231136584714	0.0
4.2682585317929504	0.0
4.273285927001187	0.0
4.278313322209424	0.0
4.283340717417661	0.0
4.288368112625897	0.0
4.293395507834134	0.0
4.298422903042371	0.0
4.303450298250608	0.0
4.308477693458844	0.0
4.313505088667081	0.0
4.318532483875318	0.0
4.323559879083554	0.0
4.328587274291791	0.0
4.333614669500028	0.0
4.338642064708265	0.0
4.343669459916501	0.0
4.348696855124738	0.0
4.3537242503329745	0.0
4.358751645541211	0.0
4.3637790407494474	0.0
4.368806435957684	0.0
4.373833831165921	0.0
4.378861226374158	0.0
4.383888621582394	0.0
4.388916016790631	0.0
4.393943411998868	0.0
4.398970807207105	0.0
4.403998202415341	0.0
4.409025597623578	0.0
4.414052992831815	0.0
4.419080388040052	0.0
4.424107783248288	0.0
4.429135178456525	0.0
4.434162573664762	0.0
4.4391899688729985	0.0
4.444217364081235	0.0
4.4492447592894715	0.0
4.454272154497708	0.0
4.459299549705945	0.0
4.464326944914181	0.0
4.469354340122418	0.0
4.474381735330655	0.0
4.479409130538892	0.0
4.484436525747128	0.0
4.489463920955365	0.0
4.494491316163602	0.0
4.499518711371839	0.0
4.504546106580075	0.0
4.509573501788312	0.0
4.514600896996549	0.0
4.519628292204786	0.0
4.524655687413022	0.0
4.529683082621259	0.0
4.5347104778294955	0.0
4.5397378730377325	0.0
4.5447652682459685	0.0
4.549792663454205	0.0
4.554820058662442	0.0
4.559847453870678	0.0
4.564874849078915	0.0
4.569902244287152	0.0
4.574929639495389	0.0
4.579957034703625	0.0
4.584984429911862	0.0
4.590011825120099	0.0
4.595039220328336	0.0
4.600066615536572	0.0
4.605094010744809	0.0
4.610121405953046	0.0
4.615148801161283	0.0
4.620176196369519	0.0
4.625203591577756	0.0
4.6302309867859925	0.0
4.6352583819942295	0.0
4.6402857772024655	0.0
4.645313172410702	0.0
4.650340567618939	0.0
4.655367962827176	0.0
4.660395358035412	0.0
4.665422753243649	0.0
4.670450148451886	0.0
4.675477543660123	0.0
4.680504938868359	0.0
4.685532334076596	0.0
4.690559729284833	0.0
4.69558712449307	0.0
4.700614519701306	0.0
4.705641914909543	0.0
4.71066931011778	0.0
4.715696705326017	0.0
4.720724100534253	0.0
4.7257514957424895	0.0
4.7307788909507265	0.0
4.735806286158963	0.0
4.740833681367199	0.0
4.745861076575436	0.0
4.750888471783673	0.0
4.75591586699191	0.0
4.760943262200146	0.0
4.765970657408383	0.0
4.77099805261662	0.0
4.776025447824857	0.0
4.781052843033093	0.0
4.78608023824133	0.0
4.791107633449567	0.0
4.796135028657803	0.0
4.80116242386604	0.0
4.806189819074277	0.0
4.811217214282514	0.0
4.81624460949075	0.0
4.8212720046989865	0.0
4.8262993999072235	0.0
4.83132679511546	0.0
4.836354190323696	0.0
4.841381585531933	0.0
4.84640898074017	0.0
4.851436375948407	0.0
4.856463771156643	0.0
4.86149116636488	0.0
4.866518561573117	0.0
4.871545956781354	0.0
4.87657335198959	0.0
4.881600747197827	0.0
4.886628142406064	0.0
4.891655537614301	0.0
4.896682932822537	0.0
4.901710328030774	0.0
4.906737723239011	0.0
4.9117651184472475	0.0
4.9167925136554835	0.0
4.9218199088637204	0.0
4.926847304071957	0.0
4.931874699280194	0.0
4.93690209448843	0.0
4.941929489696667	0.0
4.946956884904904	0.0
4.951984280113141	0.0
4.957011675321377	0.0
4.962039070529614	0.0
4.967066465737851	0.0
4.972093860946088	0.0
4.977121256154324	0.0
4.982148651362561	0.0
4.987176046570798	0.0
4.992203441779035	0.0
4.997230836987271	0.0
5.002258232195508	0.0
5.0072856274037445	0.0
5.012313022611981	0.0
5.0173404178202174	0.0
