3.61795062980403	1.788367740057712
3.619174967775035	1.7901460225048607
3.62039930574604	1.7919243049520095
3.621623643717045	1.793702587399158
3.62284798168805	1.795480869846307
3.624072319659055	1.7972591522934556
3.6252966576300603	1.7990374347406044
3.6265209956010653	1.800815717187753
3.6277453335720704	1.8025939996349016
3.6289696715430755	1.8043722820820505
3.6301940095140806	1.806150564529199
3.6314183474850856	1.807928846976348
3.632642685456091	1.8097071294234965
3.633867023427096	1.8114854118706454
3.6350913613981013	1.813263694317794
3.6363156993691064	1.8150419767649426
3.6375400373401114	1.8168202592120914
3.6387643753111165	1.81859854165924
3.6399887132821216	1.820376824106389
3.6412130512531267	1.8221551065535375
3.6424373892241317	1.8239333890006864
3.643661727195137	1.825711671447835
3.644886065166142	1.8274899538949836
3.646110403137147	1.8292682363421324
3.647334741108152	1.831046518789281
3.648559079079157	1.8328248012364299
3.649783417050162	1.8346030836835785
3.6510077550211673	1.8363813661307273
3.6522320929921723	1.838159648577876
3.6534564309631774	1.8399379310250246
3.6546807689341825	1.8417162134721734
3.6559051069051876	1.843494495919322
3.6571294448761926	1.8452727783664709
3.6583537828471977	1.8470510608136195
3.6595781208182028	1.8488293432607683
3.660802458789208	1.850607625707917
3.6620267967602134	1.8523859081550655
3.6632511347312184	1.8541641906022144
3.6644754727022235	1.855942473049363
3.6656998106732286	1.8577207554965118
3.6669241486442337	1.8594990379436604
3.6681484866152387	1.8612773203908093
3.669372824586244	1.863055602837958
3.670597162557249	1.8648338852851065
3.671821500528254	1.8666121677322554
3.673045838499259	1.868390450179404
3.674270176470264	1.8701687326265528
3.675494514441269	1.8719470150737014
3.6767188524122743	1.8737252975208503
3.6779431903832793	1.8755035799679989
3.6791675283542844	1.8772818624151475
3.6803918663252895	1.8790601448622963
3.6816162042962945	1.880838427309445
3.6828405422672996	1.8826167097565938
3.6840648802383047	1.8843949922037424
3.6852892182093098	1.8861732746508912
3.686513556180315	1.8879515570980399
3.68773789415132	1.8897298395451885
3.688962232122325	1.8915081219923373
3.69018657009333	1.893286404439486
3.6914109080643356	1.8950646868866348
3.6926352460353407	1.8968429693337834
3.6938595840063457	1.8986212517809322
3.695083921977351	1.9003995342280808
3.696308259948356	1.9021778166752294
3.697532597919361	1.9039560991223783
3.698756935890366	1.905734381569527
3.699981273861371	1.9075126640166757
3.701205611832376	1.9092909464638244
3.7024299498033812	1.9110692289109732
3.7036542877743863	1.9128475113581218
3.7048786257453914	1.9146257938052704
3.7061029637163965	1.9164040762524193
3.7073273016874015	1.9181823586995679
3.7085516396584066	1.9199606411467167
3.7097759776294117	1.9217389235938653
3.7110003156004168	1.9235172060410142
3.712224653571422	1.9252954884881628
3.713448991542427	1.9270737709353114
3.714673329513432	1.9288520533824602
3.715897667484437	1.9306303358296089
3.717122005455442	1.9324086182767577
3.718346343426447	1.9341869007239063
3.7195706813974523	1.9359651831710551
3.720795019368458	1.9377434656182038
3.722019357339463	1.9395217480653524
3.723243695310468	1.9413000305125012
3.724468033281473	1.9430783129596498
3.725692371252478	1.9448565954067987
3.726916709223483	1.9466348778539473
3.7281410471944882	1.9484131603010961
3.7293653851654933	1.9501914427482447
3.7305897231364984	1.9519697251953934
3.7318140611075035	1.9537480076425422
3.7330383990785085	1.9555262900896908
3.7342627370495136	1.9573045725368396
3.7354870750205187	1.9590828549839883
3.7367114129915238	1.960861137431137
3.737935750962529	1.9626394198782857
3.739160088933534	1.9644177023254343
3.740384426904539	1.9661959847725832
3.741608764875544	1.9679742672197318
3.742833102846549	1.9697525496668806
3.744057440817554	1.9715308321140292
3.7452817787885593	1.973309114561178
3.7465061167595644	1.9750873970083267
3.7477304547305694	1.9768656794554753
3.748954792701575	1.9786439619026241
3.75017913067258	1.9804222443497728
3.751403468643585	1.9822005267969216
3.75262780661459	1.9839788092440702
3.7538521445855952	1.985757091691219
3.7550764825566003	1.9875353741383677
3.7563008205276054	1.9893136565855163
3.7575251584986105	1.9910919390326651
3.7587494964696155	1.9928702214798137
3.7599738344406206	1.9946485039269626
3.7611981724116257	1.9964267863741112
3.7624225103826308	1.99820506882126
3.763646848353636	1.9999833512684086
3.764871186324641	2.0017616337155575
3.766095524295646	2.003539916162706
3.767319862266651	2.0053181986098547
3.768544200237656	2.0070964810570033
3.769768538208661	2.0088747635041524
3.7709928761796663	2.010653045951301
3.7722172141506713	2.0124313283984496
3.7734415521216764	2.0142096108455982
3.7746658900926815	2.015987893292747
3.7758902280636866	2.017766175739896
3.7771145660346916	2.0195444581870445
3.778338904005697	2.021322740634193
3.7795632419767022	2.0231010230813418
3.7807875799477073	2.024879305528491
3.7820119179187124	2.0266575879756394
3.7832362558897175	2.028435870422788
3.7844605938607225	2.0302141528699367
3.7856849318317276	2.0319924353170853
3.7869092698027327	2.0337707177642343
3.7881336077737378	2.035549000211383
3.789357945744743	2.0373272826585316
3.790582283715748	2.03910556510568
3.791806621686753	2.040883847552829
3.793030959657758	2.042662129999978
3.794255297628763	2.0444404124471265
3.795479635599768	2.046218694894275
3.7967039735707733	2.0479969773414237
3.7979283115417783	2.049775259788573
3.7991526495127834	2.0515535422357214
3.8003769874837885	2.05333182468287
3.8016013254547936	2.0551101071300186
3.8028256634257986	2.0568883895771672
3.8040500013968037	2.0586666720243163
3.805274339367809	2.060444954471465
3.806498677338814	2.0622232369186135
3.8077230153098194	2.064001519365762
3.8089473532808245	2.0657798018129108
3.8101716912518295	2.06755808426006
3.8113960292228346	2.0693363667072084
3.8126203671938397	2.071114649154357
3.8138447051648448	2.0728929316015057
3.81506904313585	2.0746712140486547
3.816293381106855	2.0764494964958033
3.81751771907786	2.078227778942952
3.818742057048865	2.0800060613901006
3.81996639501987	2.081784343837249
3.821190732990875	2.0835626262843983
3.8224150709618803	2.085340908731547
3.8236394089328853	2.0871191911786955
3.8248637469038904	2.088897473625844
3.8260880848748955	2.0906757560729927
3.8273124228459006	2.092454038520142
3.8285367608169056	2.0942323209672904
3.8297610987879107	2.096010603414439
3.830985436758916	2.0977888858615876
3.832209774729921	2.0995671683087367
3.833434112700926	2.1013454507558853
3.834658450671931	2.103123733203034
3.835882788642936	2.1049020156501825
3.8371071266139416	2.106680298097331
3.8383314645849467	2.10845858054448
3.8395558025559517	2.110236862991629
3.840780140526957	2.1120151454387774
3.842004478497962	2.113793427885926
3.843228816468967	2.1155717103330747
3.844453154439972	2.1173499927802237
3.845677492410977	2.1191282752273723
3.846901830381982	2.120906557674521
3.8481261683529873	2.1226848401216696
3.8493505063239923	2.1244631225688186
3.8505748442949974	2.1262414050159673
3.8517991822660025	2.128019687463116
3.8530235202370076	2.1297979699102645
3.8542478582080126	2.131576252357413
3.8554721961790177	2.133354534804562
3.856696534150023	2.135132817251711
3.857920872121028	2.1369110996988594
3.859145210092033	2.138689382146008
3.860369548063038	2.1404676645931566
3.861593886034043	2.1422459470403057
3.862818224005048	2.1440242294874543
3.8640425619760532	2.145802511934603
3.8652668999470587	2.1475807943817515
3.866491237918064	2.1493590768289006
3.867715575889069	2.151137359276049
3.868939913860074	2.152915641723198
3.870164251831079	2.1546939241703464
3.871388589802084	2.156472206617495
3.872612927773089	2.158250489064644
3.8738372657440943	2.1600287715117927
3.8750616037150993	2.1618070539589413
3.8762859416861044	2.16358533640609
3.8775102796571095	2.1653636188532386
3.8787346176281146	2.1671419013003876
3.8799589555991196	2.1689201837475363
3.8811832935701247	2.170698466194685
3.8824076315411298	2.1724767486418335
3.883631969512135	2.1742550310889825
3.88485630748314	2.176033313536131
3.886080645454145	2.17781159598328
3.88730498342515	2.1795898784304284
3.888529321396155	2.181368160877577
3.88975365936716	2.183146443324726
3.8909779973381653	2.1849247257718747
3.8922023353091704	2.1867030082190233
3.8934266732801754	2.188481290666172
3.894651011251181	2.1902595731133205
3.895875349222186	2.1920378555604696
3.897099687193191	2.193816138007618
3.898324025164196	2.195594420454767
3.8995483631352013	2.1973727029019154
3.9007727011062063	2.1991509853490645
3.9019970390772114	2.200929267796213
3.9032213770482165	2.2027075502433617
3.9044457150192216	2.2044858326905103
3.9056700529902266	2.206264115137659
3.9068943909612317	2.208042397584808
3.9081187289322368	2.2098206800319566
3.909343066903242	2.2115989624791053
3.910567404874247	2.213377244926254
3.911791742845252	2.2151555273734025
3.913016080816257	2.2169338098205515
3.914240418787262	2.2187120922677
3.915464756758267	2.220490374714849
3.9166890947292723	2.2222686571619974
3.9179134327002774	2.2240469396091465
3.9191377706712824	2.225825222056295
3.9203621086422875	2.2276035045034437
3.9215864466132926	2.2293817869505923
3.9228107845842977	2.231160069397741
3.924035122555303	2.23293835184489
3.9252594605263083	2.2347166342920386
3.9264837984973133	2.236494916739187
3.9277081364683184	2.238273199186336
3.9289324744393235	2.2400514816334844
3.9301568124103285	2.2418297640806335
3.9313811503813336	2.243608046527782
3.9326054883523387	2.2453863289749307
3.9338298263233438	2.2471646114220793
3.935054164294349	2.2489428938692284
3.936278502265354	2.250721176316377
3.937502840236359	2.2524994587635256
3.938727178207364	2.2542777412106743
3.939951516178369	2.256056023657823
3.941175854149374	2.257834306104972
3.9424001921203793	2.2596125885521205
3.9436245300913844	2.261390870999269
3.9448488680623894	2.263169153446418
3.9460732060333945	2.2649474358935664
3.9472975440043996	2.2667257183407155
3.9485218819754047	2.268504000787864
3.9497462199464097	2.2702822832350127
3.950970557917415	2.2720605656821613
3.95219489588842	2.2738388481293104
3.9534192338594254	2.275617130576459
3.9546435718304305	2.2773954130236076
3.9558679098014355	2.279173695470756
3.9570922477724406	2.280951977917905
3.9583165857434457	2.282730260365054
3.9595409237144508	2.2845085428122025
3.960765261685456	2.286286825259351
3.961989599656461	2.2880651077064997
3.963213937627466	2.2898433901536484
3.964438275598471	2.2916216726007974
3.965662613569476	2.293399955047946
3.966886951540481	2.2951782374950946
3.9681112895114863	2.2969565199422433
3.9693356274824914	2.2987348023893923
3.9705599654534964	2.300513084836541
3.9717843034245015	2.3022913672836895
3.9730086413955066	2.304069649730838
3.9742329793665117	2.305847932177987
3.9754573173375167	2.307626214625136
3.976681655308522	2.3094044970722845
3.977905993279527	2.311182779519433
3.979130331250532	2.3129610619665817
3.980354669221537	2.3147393444137303
3.981579007192542	2.3165176268608794
3.9828033451635476	2.318295909308028
3.9840276831345527	2.3200741917551766
3.9852520211055578	2.321852474202325
3.986476359076563	2.3236307566494743
3.987700697047568	2.325409039096623
3.988925035018573	2.3271873215437715
3.990149372989578	2.32896560399092
3.991373710960583	2.3307438864380687
3.992598048931588	2.332522168885218
3.9938223869025933	2.3343004513323664
3.9950467248735984	2.336078733779515
3.9962710628446034	2.3378570162266636
3.9974954008156085	2.3396352986738123
3.9987197387866136	2.3414135811209613
3.9999440767576186	2.34319186356811
4.001168414728624	2.3449701460152585
4.002392752699629	2.346748428462407
4.003617090670634	2.3485267109095562
4.004841428641639	2.350304993356705
4.006065766612644	2.3520832758038535
4.0072901045836495	2.353861558251002
4.008514442554654	2.3556398406981507
4.00973878052566	2.3574181231452997
4.010963118496664	2.3591964055924484
4.01218745646767	2.360974688039597
4.0134117944386745	2.3627529704867456
4.01463613240968	2.364531252933894
4.015860470380685	2.3663095353810433
4.01708480835169	2.368087817828192
4.018309146322695	2.3698661002753405
4.0195334842937	2.371644382722489
4.020757822264705	2.373422665169638
4.02198216023571	2.375200947616787
4.023206498206715	2.3769792300639354
4.024430836177721	2.378757512511084
4.025655174148726	2.3805357949582326
4.026879512119731	2.3823140774053817
4.028103850090736	2.3840923598525303
4.029328188061741	2.385870642299679
4.030552526032746	2.3876489247468276
4.031776864003751	2.389427207193976
4.0330012019747565	2.3912054896411252
4.034225539945761	2.392983772088274
4.035449877916767	2.3947620545354225
4.036674215887771	2.396540336982571
4.037898553858777	2.39831861942972
4.0391228918297815	2.4000969018768687
4.040347229800787	2.4018751843240174
4.041571567771792	2.403653466771166
4.042795905742797	2.4054317492183146
4.044020243713802	2.4072100316654637
4.045244581684807	2.4089883141126123
4.046468919655812	2.410766596559761
4.047693257626817	2.4125448790069095
4.048917595597822	2.414323161454058
4.050141933568828	2.416101443901207
4.051366271539832	2.417879726348356
4.052590609510838	2.4196580087955044
4.053814947481842	2.421436291242653
4.055039285452848	2.423214573689802
4.056263623423853	2.4249928561369507
4.057487961394858	2.4267711385840993
4.0587122993658635	2.428549421031248
4.059936637336868	2.4303277034783966
4.061160975307874	2.4321059859255456
4.062385313278878	2.4338842683726942
4.063609651249884	2.435662550819843
4.0648339892208885	2.4374408332669915
4.066058327191894	2.43921911571414
4.067282665162899	2.440997398161289
4.068507003133904	2.4427756806084377
4.069731341104909	2.4445539630555864
4.070955679075914	2.446332245502735
4.072180017046919	2.448110527949884
4.073404355017924	2.4498888103970327
4.074628692988929	2.4516670928441813
4.075853030959935	2.45344537529133
4.077077368930939	2.4552236577384785
4.078301706901945	2.4570019401856276
4.079526044872949	2.458780222632776
4.080750382843955	2.460558505079925
4.0819747208149595	2.4623367875270734
4.083199058785965	2.464115069974222
4.0844233967569705	2.465893352421371
4.085647734727975	2.4676716348685197
4.086872072698981	2.4694499173156683
4.088096410669985	2.471228199762817
4.089320748640991	2.473006482209966
4.0905450866119955	2.4747847646571146
4.091769424583001	2.4765630471042632
4.092993762554006	2.478341329551412
4.094218100525011	2.4801196119985605
4.095442438496016	2.4818978944457095
4.096666776467021	2.483676176892858
4.097891114438026	2.4854544593400067
4.099115452409031	2.4872327417871554
4.100339790380036	2.489011024234304
4.101564128351042	2.490789306681453
4.102788466322046	2.4925675891286017
4.104012804293052	2.4943458715757503
4.105237142264056	2.496124154022899
4.106461480235062	2.497902436470048
4.1076858182060665	2.4996807189171966
4.108910156177072	2.501459001364345
4.110134494148077	2.503237283811494
4.111358832119082	2.5050155662586424
4.112583170090088	2.5067938487057915
4.113807508061092	2.50857213115294
4.115031846032098	2.5103504136000887
4.1162561840031024	2.5121286960472373
4.117480521974108	2.513906978494386
4.118704859945113	2.515685260941535
4.119929197916118	2.5174635433886836
4.121153535887123	2.5192418258358322
4.122377873858128	2.521020108282981
4.123602211829133	2.52279839073013
4.124826549800138	2.5245766731772785
4.126050887771143	2.526354955624427
4.127275225742149	2.5281332380715758
4.128499563713153	2.5299115205187244
4.129723901684159	2.5316898029658734
4.130948239655163	2.533468085413022
4.132172577626169	2.5352463678601707
4.1333969155971735	2.5370246503073193
4.134621253568179	2.538802932754468
4.135845591539184	2.540581215201617
4.137069929510189	2.5423594976487656
4.138294267481194	2.544137780095914
4.139518605452199	2.545916062543063
4.140742943423204	2.547694344990212
4.141967281394209	2.5494726274373605
4.143191619365215	2.551250909884509
4.14441595733622	2.5530291923316577
4.145640295307225	2.5548074747788063
4.14686463327823	2.5565857572259554
4.148088971249235	2.558364039673104
4.14931330922024	2.5601423221202526
4.150537647191245	2.5619206045674012
4.15176198516225	2.56369888701455
4.1529863231332556	2.565477169461699
4.15421066110426	2.5672554519088475
4.155434999075266	2.569033734355996
4.15665933704627	2.5708120168031448
4.157883675017276	2.572590299250294
4.1591080129882805	2.5743685816974424
4.160332350959286	2.576146864144591
4.161556688930291	2.5779251465917397
4.162781026901296	2.5797034290388883
4.164005364872301	2.5814817114860373
4.165229702843306	2.583259993933186
4.166454040814311	2.5850382763803346
4.167678378785316	2.586816558827483
4.168902716756321	2.588594841274632
4.170127054727327	2.590373123721781
4.171351392698332	2.5921514061689295
4.172575730669337	2.593929688616078
4.173800068640342	2.5957079710632267
4.175024406611347	2.5974862535103758
4.176248744582352	2.5992645359575244
4.177473082553357	2.601042818404673
4.1786974205243625	2.6028211008518216
4.179921758495367	2.6045993832989702
4.181146096466373	2.6063776657461193
4.182370434437377	2.608155948193268
4.183594772408383	2.6099342306404165
4.1848191103793875	2.611712513087565
4.186043448350393	2.6134907955347138
4.187267786321398	2.615269077981863
4.188492124292403	2.6170473604290114
4.189716462263408	2.61882564287616
4.190940800234413	2.6206039253233087
4.192165138205418	2.6223822077704577
4.193389476176423	2.6241604902176063
4.194613814147428	2.625938772664755
4.195838152118434	2.6277170551119036
4.197062490089438	2.629495337559052
4.198286828060444	2.6312736200062012
4.199511166031448	2.63305190245335
4.200735504002454	2.6348301849004985
4.201959841973459	2.636608467347647
4.203184179944464	2.6383867497947957
4.2044085179154695	2.6401650322419448
4.205632855886474	2.6419433146890934
4.20685719385748	2.643721597136242
4.208081531828484	2.6454998795833906
4.20930586979949	2.6472781620305397
4.2105302077704945	2.6490564444776883
4.2117545457415	2.650834726924837
4.212978883712505	2.6526130093719855
4.21420322168351	2.654391291819134
4.215427559654515	2.656169574266283
4.21665189762552	2.657947856713432
4.217876235596525	2.6597261391605804
4.21910057356753	2.661504421607729
4.220324911538535	2.6632827040548777
4.221549249509541	2.6650609865020267
4.222773587480545	2.6668392689491753
4.223997925451551	2.668617551396324
4.225222263422555	2.6703958338434726
4.226446601393561	2.6721741162906216
4.2276709393645655	2.6739523987377702
4.228895277335571	2.675730681184919
