0.0	0.0
0.007012637186380258	0.0
0.014025274372760516	0.0
0.021037911559140775	0.0
0.028050548745521032	0.0
0.03506318593190129	0.0
0.04207582311828155	0.0
0.04908846030466181	0.0
0.056101097491042064	0.0
0.06311373467742233	0.0
0.07012637186380258	0.0
0.07713900905018284	0.0
0.0841516462365631	0.0
0.09116428342294336	0.0
0.09817692060932362	0.0
0.10518955779570388	0.0
0.11220219498208413	0.0
0.11921483216846439	0.0
0.12622746935484466	0.0
0.1332401065412249	0.0
0.14025274372760516	0.0
0.14726538091398542	0.0
0.15427801810036568	0.0
0.16129065528674594	0.0
0.1683032924731262	0.0
0.17531592965950646	0.0
0.18232856684588672	0.0
0.18934120403226698	0.0
0.19635384121864724	0.0
0.2033664784050275	0.0
0.21037911559140776	0.0
0.217391752777788	0.0
0.22440438996416825	0.0
0.23141702715054852	0.0
0.23842966433692878	0.0
0.24544230152330904	0.0
0.2524549387096893	0.0
0.25946757589606956	0.0
0.2664802130824498	0.0
0.2734928502688301	0.0
0.2805054874552103	0.0
0.2875181246415906	0.0
0.29453076182797083	0.0
0.3015433990143511	0.0
0.30855603620073135	0.0
0.31556867338711164	0.0
0.3225813105734919	0.0
0.32959394775987216	0.0
0.3366065849462524	0.0
0.34361922213263263	0.0
0.3506318593190129	0.0
0.35764449650539315	0.0
0.36465713369177344	0.0
0.37166977087815367	0.0
0.37868240806453396	0.0
0.3856950452509142	0.0
0.3927076824372945	0.0
0.3997203196236747	0.0
0.406732956810055	0.0
0.41374559399643523	0.0
0.4207582311828155	0.0
0.42777086836919576	0.0
0.434783505555576	0.0
0.4417961427419563	0.0
0.4488087799283365	0.0
0.4558214171147168	0.0
0.46283405430109703	0.0
0.4698466914874773	0.0
0.47685932867385755	0.0
0.48387196586023784	0.0
0.4908846030466181	0.0
0.49789724023299836	0.0
0.5049098774193786	0.0
0.5119225146057589	0.0
0.5189351517921391	0.0
0.5259477889785193	0.0
0.5329604261648996	0.0
0.5399730633512799	0.0
0.5469857005376602	0.0
0.5539983377240404	0.0
0.5610109749104206	0.0
0.568023612096801	0.0
0.5750362492831812	0.0
0.5820488864695614	0.0
0.5890615236559417	0.0
0.5960741608423219	0.0
0.6030867980287022	0.0
0.6100994352150825	0.0
0.6171120724014627	0.0
0.6241247095878429	0.0
0.6311373467742233	0.0
0.6381499839606035	0.0
0.6451626211469838	0.0
0.652175258333364	0.0
0.6591878955197443	0.0
0.6662005327061246	0.0
0.6732131698925048	0.0
0.680225807078885	0.0
0.6872384442652653	0.0
0.6942510814516456	0.0
0.7012637186380258	0.0
0.7082763558244061	0.0
0.7152889930107863	0.0
0.7223016301971666	0.0
0.7293142673835469	0.0
0.7363269045699271	0.0
0.7433395417563073	0.0
0.7503521789426877	0.0
0.7573648161290679	0.0
0.7643774533154482	0.0
0.7713900905018284	0.0
0.7784027276882086	0.0
0.785415364874589	0.0
0.7924280020609692	0.0
0.7994406392473494	0.0
0.8064532764337297	0.0
0.81346591362011	0.0
0.8204785508064902	0.0
0.8274911879928705	0.0
0.8345038251792507	0.0
0.841516462365631	0.0
0.8485290995520113	0.0
0.8555417367383915	0.0
0.8625543739247717	0.0
0.869567011111152	0.0
0.8765796482975323	0.0
0.8835922854839126	0.0
0.8906049226702928	0.0
0.897617559856673	0.0
0.9046301970430534	0.0
0.9116428342294336	0.0
0.9186554714158138	0.0
0.9256681086021941	0.0
0.9326807457885743	0.0
0.9396933829749546	0.0
0.9467060201613349	0.0
0.9537186573477151	0.0
0.9607312945340953	0.0
0.9677439317204757	0.0
0.9747565689068559	0.0
0.9817692060932361	0.0
0.9887818432796164	0.0
0.9957944804659967	0.0
1.002807117652377	0.0
1.0098197548387573	0.0
1.0168323920251374	0.0
1.0238450292115178	0.0
1.0308576663978979	0.0
1.0378703035842782	0.0
1.0448829407706586	0.0
1.0518955779570387	0.0
1.058908215143419	0.0
1.0659208523297992	0.0
1.0729334895161795	0.0
1.0799461267025598	0.0
1.08695876388894	0.0
1.0939714010753203	0.0
1.1009840382617004	0.0
1.1079966754480808	0.0
1.1150093126344611	0.0
1.1220219498208412	0.0
1.1290345870072216	0.0
1.136047224193602	0.0
1.143059861379982	0.0
1.1500724985663624	0.0
1.1570851357527425	0.0
1.1640977729391229	0.0
1.1711104101255032	0.0
1.1781230473118833	0.0
1.1851356844982637	0.0
1.1921483216846438	0.0
1.1991609588710241	0.0
1.2061735960574045	0.0
1.2131862332437846	0.0
1.220198870430165	0.0
1.2272115076165453	0.0
1.2342241448029254	0.0
1.2412367819893058	0.0
1.2482494191756859	0.0
1.2552620563620662	0.0
1.2622746935484466	0.0
1.2692873307348267	0.0
1.276299967921207	0.0
1.2833126051075872	0.0
1.2903252422939675	0.0
1.2973378794803478	0.0
1.304350516666728	0.0
1.3113631538531083	0.0
1.3183757910394887	0.0
1.3253884282258688	0.0
1.3324010654122491	0.0
1.3394137025986292	0.0
1.3464263397850096	0.0
1.35343897697139	0.0
1.36045161415777	0.0
1.3674642513441504	0.0
1.3744768885305305	0.0
1.3814895257169109	0.0
1.3885021629032912	0.0
1.3955148000896713	0.0
1.4025274372760517	0.0
1.409540074462432	0.0
1.4165527116488121	0.0
1.4235653488351925	0.0
1.4305779860215726	0.0
1.437590623207953	0.0
1.4446032603943333	0.0
1.4516158975807134	0.0
1.4586285347670938	0.0
1.4656411719534739	0.0
1.4726538091398542	0.0
1.4796664463262346	0.0
1.4866790835126147	0.0
1.493691720698995	0.0
1.5007043578853754	0.0
1.5077169950717555	0.0
1.5147296322581358	0.0
1.521742269444516	0.0
1.5287549066308963	0.0
1.5357675438172766	0.0
1.5427801810036568	0.0
1.5497928181900371	0.0
1.5568054553764172	0.0
1.5638180925627976	0.0
1.570830729749178	0.0
1.577843366935558	0.0
1.5848560041219384	0.0
1.5918686413083187	0.0
1.5988812784946989	0.0
1.6058939156810792	0.0
1.6129065528674593	0.0
1.6199191900538397	0.0
1.62693182724022	0.0
1.6339444644266001	0.0
1.6409571016129805	0.0
1.6479697387993606	0.0
1.654982375985741	0.0
1.6619950131721213	0.0
1.6690076503585014	0.0
1.6760202875448817	0.0
1.683032924731262	0.0
1.6900455619176422	0.0
1.6970581991040226	0.0
1.7040708362904027	0.0
1.711083473476783	0.0
1.7180961106631634	0.0
1.7251087478495435	0.0
1.7321213850359238	0.0
1.739134022222304	0.0
1.7461466594086843	0.0
1.7531592965950646	0.0
1.7601719337814448	0.0
1.767184570967825	0.0
1.7741972081542052	0.0
1.7812098453405856	0.0
1.788222482526966	0.0
1.795235119713346	0.0
1.8022477568997264	0.0
1.8092603940861067	0.0
1.8162730312724868	0.0
1.8232856684588672	0.0
1.8302983056452473	0.0
1.8373109428316277	0.0
1.844323580018008	0.0
1.8513362172043881	0.0
1.8583488543907685	0.0
1.8653614915771486	0.0
1.872374128763529	0.0
1.8793867659499093	0.0
1.8863994031362894	0.0
1.8934120403226697	0.0
1.90042467750905	0.0
1.9074373146954302	0.0
1.9144499518818106	0.0
1.9214625890681907	0.0
1.928475226254571	0.0
1.9354878634409514	0.0
1.9425005006273315	0.0
1.9495131378137118	0.0
1.956525775000092	0.0
1.9635384121864723	0.0
1.9705510493728526	0.0
1.9775636865592328	0.0
1.984576323745613	0.0
1.9915889609319934	0.0
1.9986015981183736	0.0
2.005614235304754	0.0
2.012626872491134	0.0
2.0196395096775146	0.0
2.0266521468638947	0.0
2.033664784050275	0.0
2.040677421236655	0.0
2.0476900584230355	0.0
2.0547026956094157	0.0
2.0617153327957958	0.0
2.0687279699821763	0.0
2.0757406071685565	0.0
2.0827532443549366	0.0
2.089765881541317	0.0
2.0967785187276973	0.0
2.1037911559140774	0.0
2.1108037931004575	0.0
2.117816430286838	0.0
2.124829067473218	0.0
2.1318417046595983	0.0
2.138854341845979	0.0
2.145866979032359	0.0
2.152879616218739	0.0
2.1598922534051197	0.0
2.1669048905915	0.0
2.17391752777788	0.0
2.1809301649642605	0.0
2.1879428021506406	0.0
2.1949554393370208	0.0
2.201968076523401	0.0
2.2089807137097814	0.0
2.2159933508961616	0.0
2.2230059880825417	0.0
2.2300186252689222	0.0
2.2370312624553024	0.0
2.2440438996416825	0.0
2.251056536828063	0.0
2.258069174014443	0.0
2.2650818112008233	0.0
2.272094448387204	0.0
2.279107085573584	0.0
2.286119722759964	0.0
2.2931323599463442	0.0
2.300144997132725	0.0
2.307157634319105	0.0
2.314170271505485	0.0
2.3211829086918656	0.0
2.3281955458782457	0.0
2.335208183064626	0.0
2.3422208202510064	0.0
2.3492334574373865	0.0
2.3562460946237667	0.0
2.3632587318101472	0.0
2.3702713689965274	0.0
2.3772840061829075	0.0
2.3842966433692876	0.0
2.391309280555668	0.0
2.3983219177420483	0.0
2.4053345549284284	0.0
2.412347192114809	0.0
2.419359829301189	0.0
2.426372466487569	0.0
2.43338510367395	0.0
2.44039774086033	0.0
2.44741037804671	0.0
2.4544230152330906	0.0
2.4614356524194707	0.0
2.468448289605851	0.0
2.475460926792231	0.0
2.4824735639786115	0.0
2.4894862011649916	0.0
2.4964988383513718	0.0
2.5035114755377523	0.0
2.5105241127241325	0.0
2.5175367499105126	0.0
2.524549387096893	0.0
2.5315620242832733	0.0
2.5385746614696534	0.0
2.545587298656034	0.0
2.552599935842414	0.0
2.559612573028794	0.0
2.5666252102151743	0.0
2.573637847401555	0.0
2.580650484587935	0.0
2.587663121774315	0.0
2.5946757589606957	0.0
2.601688396147076	0.0
2.608701033333456	0.0
2.6157136705198365	0.0
2.6227263077062166	0.0
2.6297389448925967	0.0
2.6367515820789773	0.0
2.6437642192653574	0.0
2.6507768564517376	0.0
2.6577894936381177	0.0
2.6648021308244982	0.0
2.6718147680108784	0.0
2.6788274051972585	0.0
2.685840042383639	0.0
2.692852679570019	0.0
2.6998653167563993	0.0
2.70687795394278	0.0
2.71389059112916	0.0
2.72090322831554	0.0
2.7279158655019207	0.0
2.734928502688301	0.0
2.741941139874681	0.0
2.748953777061061	0.0
2.7559664142474416	0.0
2.7629790514338217	0.0
2.769991688620202	0.0
2.7770043258065824	0.0
2.7840169629929625	0.0
2.7910296001793427	0.0
2.798042237365723	0.0
2.8050548745521033	0.0
2.8120675117384835	0.0
2.819080148924864	0.0
2.826092786111244	0.0
2.8331054232976243	0.0
2.8401180604840044	0.0
2.847130697670385	0.0
2.854143334856765	0.0
2.861155972043145	0.0
2.8681686092295258	0.0
2.875181246415906	0.0
2.882193883602286	0.0
2.8892065207886666	0.0
2.8962191579750467	0.0
2.903231795161427	0.0
2.9102444323478074	0.0
2.9172570695341875	0.0
2.9242697067205676	0.0
2.9312823439069478	0.0
2.9382949810933283	0.0
2.9453076182797084	0.0
2.9523202554660886	0.0
2.959332892652469	0.0
2.9663455298388492	0.0
2.9733581670252294	0.0
2.98037080421161	0.0
2.98738344139799	0.0
2.99439607858437	0.0
3.0014087157707507	0.0
3.008421352957131	0.0
3.015433990143511	0.0
3.022446627329891	0.0
3.0294592645162717	0.0
3.036471901702652	0.0
3.043484538889032	0.0
3.0504971760754125	0.0
3.0575098132617926	0.0
3.0645224504481727	0.0
3.0715350876345533	0.0
3.0785477248209334	0.0
3.0855603620073135	0.0
3.092572999193694	0.0
3.0995856363800742	0.0
3.1065982735664543	0.0
3.1136109107528345	0.0
3.120623547939215	0.0
3.127636185125595	0.0
3.1346488223119753	0.0
3.141661459498356	0.0
3.148674096684736	0.0
3.155686733871116	0.0
3.1626993710574967	0.0
3.1697120082438768	0.0
3.176724645430257	0.0
3.1837372826166375	0.0
3.1907499198030176	0.0
3.1977625569893977	0.0
3.204775194175778	0.0
3.2117878313621584	0.0
3.2188004685485385	0.0
3.2258131057349186	0.0
3.232825742921299	0.0
3.2398383801076793	0.0
3.2468510172940594	0.0
3.25386365448044	0.0
3.26087629166682	0.0
3.2678889288532003	0.0
3.274901566039581	0.0
3.281914203225961	0.0
3.288926840412341	0.0
3.295939477598721	0.0
3.3029521147851018	0.0
3.309964751971482	0.0
3.316977389157862	0.0
3.3239900263442426	0.0
3.3310026635306227	0.0
3.338015300717003	0.0
3.3450279379033834	0.0
3.3520405750897635	0.0
3.3590532122761436	0.0
3.366065849462524	0.0
3.3730784866489043	0.0
3.3800911238352844	0.0
3.3871037610216645	0.0
3.394116398208045	0.0
3.4011290353944252	0.0
3.4081416725808054	0.0
3.415154309767186	0.0
3.422166946953566	0.0
3.429179584139946	0.0
3.4361922213263267	0.0
3.443204858512707	0.0
3.450217495699087	0.0
3.4572301328854675	0.0
3.4642427700718477	0.0
3.471255407258228	0.0
3.478268044444608	0.0
3.4852806816309885	0.0
3.4922933188173686	0.0
3.4993059560037487	0.0
3.5063185931901293	0.0
3.5133312303765094	0.0
3.5203438675628895	0.0
3.52735650474927	0.0
3.53436914193565	0.0
3.5413817791220303	0.0
3.5483944163084105	0.0
3.555407053494791	0.0
3.562419690681171	0.0
3.5694323278675513	0.0
3.576444965053932	0.0
3.583457602240312	0.0
3.590470239426692	0.0
3.5974828766130726	0.0
3.6044955137994528	0.0
3.611508150985833	0.0
3.6185207881722135	0.0
3.6255334253585936	0.0
3.6325460625449737	0.0
3.639558699731354	0.0
3.6465713369177344	0.0
3.6535839741041145	0.0
3.6605966112904946	0.0
3.667609248476875	0.0
3.6746218856632553	0.0
3.6816345228496354	0.0
3.688647160036016	0.0
3.695659797222396	0.0
3.7026724344087762	0.0
3.709685071595157	0.0
3.716697708781537	0.0
3.723710345967917	0.0
3.730722983154297	0.0
3.7377356203406777	0.0
3.744748257527058	0.0
3.751760894713438	0.0
3.7587735318998186	0.0
3.7657861690861987	0.0
3.772798806272579	0.0
3.7798114434589594	0.0
3.7868240806453395	0.0
3.7938367178317196	0.0
3.8008493550181	0.0
3.8078619922044803	0.0
3.8148746293908604	0.0
3.8218872665772405	0.0
3.828899903763621	0.0
3.8359125409500012	0.0
3.8429251781363813	0.0
3.849937815322762	0.0
3.856950452509142	0.0
3.863963089695522	0.0
3.8709757268819027	0.0
3.877988364068283	0.0
3.885001001254663	0.0
3.8920136384410435	0.0
3.8990262756274237	0.0
3.9060389128138038	0.0
3.913051550000184	0.0
3.9200641871865645	0.0
3.9270768243729446	0.0
3.9340894615593247	0.0
3.9411020987457053	0.0
3.9481147359320854	0.0
3.9551273731184655	0.0
3.962140010304846	0.0
3.969152647491226	0.0
3.9761652846776063	0.0
3.983177921863987	0.0
3.990190559050367	0.0
3.997203196236747	0.0
4.004215833423127	0.0
4.011228470609508	0.0
4.018241107795888	0.0
4.025253744982268	0.0
4.032266382168649	0.0
4.039279019355029	0.0
4.046291656541409	0.0
4.053304293727789	0.0
4.060316930914169	0.0
4.06732956810055	0.0
4.07434220528693	0.0
4.08135484247331	0.0
4.0883674796596905	0.0
4.095380116846071	0.0
4.102392754032451	0.0
4.109405391218831	0.0
4.116418028405212	0.0
4.1234306655915915	0.009670661475185069
4.130443302777972	0.08123355639155459
4.137455939964353	0.5318863811351788
4.144468577150732	2.7348630651823376
4.151481214337113	10.705422253029873
4.1584938515234935	26.337079461519018
4.165506488709873	40.92817349527825
4.172519125896254	37.705909091746584
4.179531763082634	18.646969456451853
4.186544400269014	4.371138986783651
4.1935570374553945	0.5241498519550308
4.200569674641775	0.021275455245407155
4.207582311828155	0.001934132295037014
4.214594949014535	0.0
4.221607586200915	0.0
4.228620223387296	0.0
4.235632860573676	0.0
4.242645497760056	0.0
4.249658134946436	0.0
4.256670772132817	0.0
4.263683409319197	0.0
4.270696046505577	0.0
4.277708683691958	0.0
4.2847213208783375	0.0
4.291733958064718	0.0
4.298746595251099	0.0
4.305759232437478	0.0
4.312771869623859	0.0
4.319784506810239	0.0
4.326797143996619	0.0
4.333809781183	0.0
4.34082241836938	0.0
4.34783505555576	0.0
4.3548476927421405	0.0
4.361860329928521	0.0
4.368872967114901	0.0
4.375885604301281	0.0
4.382898241487662	0.0
4.3899108786740415	0.0
4.396923515860422	0.0
4.403936153046802	0.0
4.410948790233182	0.0
4.417961427419563	0.0
4.424974064605943	0.0
4.431986701792323	0.0
4.438999338978704	0.0
4.446011976165083	0.0
4.453024613351464	0.0
4.4600372505378445	0.0
4.467049887724224	0.0
4.474062524910605	0.0
4.481075162096985	0.0
4.488087799283365	0.0
4.4951004364697456	0.0
4.502113073656126	0.0
4.509125710842506	0.0
4.516138348028886	0.0
4.523150985215267	0.0
4.530163622401647	0.0
4.537176259588027	0.0
4.544188896774408	0.0
4.551201533960787	0.0
4.558214171147168	0.0
4.5652268083335485	0.0
4.572239445519928	0.0
4.579252082706309	0.0
4.5862647198926885	0.0
4.593277357079069	0.0
4.60028999426545	0.0
4.607302631451829	0.0
4.61431526863821	0.0
4.62132790582459	0.0
4.62834054301097	0.0
4.635353180197351	0.0
4.642365817383731	0.0
4.649378454570111	0.0
4.6563910917564915	0.0
4.663403728942872	0.0
4.670416366129252	0.0
4.677429003315632	0.0
4.684441640502013	0.0
4.6914542776883925	0.0
4.698466914874773	0.0
4.705479552061154	0.0
4.712492189247533	0.0
4.719504826433914	0.0
4.7265174636202945	0.0
4.733530100806674	0.0
4.740542737993055	0.0
4.747555375179435	0.0
4.754568012365815	0.0
4.7615806495521955	0.0
4.768593286738575	0.0
4.775605923924956	0.0
4.782618561111336	0.0
4.789631198297716	0.0
4.796643835484097	0.0
4.803656472670477	0.0
4.810669109856857	0.0
4.817681747043237	0.0
4.824694384229618	0.0
4.831707021415998	0.0
4.838719658602378	0.0
4.845732295788759	0.0
4.852744932975138	0.0
4.859757570161519	0.0
4.8667702073479	0.0
4.873782844534279	0.0
4.88079548172066	0.0
4.88780811890704	0.0
4.89482075609342	0.0
4.901833393279801	0.0
4.908846030466181	0.0
4.915858667652561	0.0
4.922871304838941	0.0
4.929883942025322	0.0
4.936896579211702	0.0
4.943909216398082	0.0
4.950921853584462	0.0
4.9579344907708425	0.0
4.964947127957223	0.0
4.971959765143603	0.0
4.978972402329983	0.0
4.985985039516364	0.0
4.9929976767027435	0.0
5.000010313889124	0.0
5.007022951075505	0.0
5.014035588261884	0.0
5.021048225448265	0.0
5.0280608626346455	0.0
5.035073499821025	0.0
5.042086137007406	0.0
5.049098774193786	0.0
5.056111411380166	0.0
5.0631240485665465	0.0
5.070136685752927	0.0
5.077149322939307	0.0
5.084161960125687	0.0
5.091174597312068	0.0
5.098187234498448	0.0
5.105199871684828	0.0
5.112212508871209	0.0
5.119225146057588	0.0
5.126237783243969	0.0
5.133250420430349	0.0
5.140263057616729	0.0
5.14727569480311	0.0
5.154288331989489	0.0
5.16130096917587	0.0
5.168313606362251	0.0
5.17532624354863	0.0
5.182338880735011	0.0
5.189351517921391	0.0
5.196364155107771	0.0
5.203376792294152	0.0
5.210389429480532	0.0
5.217402066666912	0.0
5.224414703853292	0.0
5.231427341039673	0.0
5.238439978226053	0.0
5.245452615412433	0.0
5.252465252598814	0.0
5.2594778897851935	0.0
5.266490526971574	0.0
5.273503164157955	0.0
5.280515801344334	0.0
5.287528438530715	0.0
5.294541075717095	0.0
5.301553712903475	0.0
5.308566350089856	0.0
5.315578987276235	0.0
5.322591624462616	0.0
5.3296042616489965	0.0
5.336616898835376	0.0
5.343629536021757	0.0
5.350642173208137	0.0
5.357654810394517	0.0
5.3646674475808975	0.0
5.371680084767278	0.0
5.378692721953658	0.0
5.385705359140038	0.0
5.392717996326419	0.0
5.399730633512799	0.0
5.406743270699179	0.0
5.41375590788556	0.0
5.420768545071939	0.0
5.42778118225832	0.0
5.4347938194447005	0.0
5.44180645663108	0.0
5.448819093817461	0.0
5.455831731003841	0.0
5.462844368190221	0.0
5.469857005376602	0.0
5.476869642562982	0.0
5.483882279749362	0.0
5.490894916935742	0.0
5.497907554122122	0.0
5.504920191308503	0.0
5.511932828494883	0.0
5.518945465681263	0.0
5.525958102867643	0.0
5.532970740054024	0.0
5.539983377240404	0.0
5.546996014426784	0.0
5.554008651613165	0.0
5.5610212887995445	0.0
5.568033925985925	0.0
5.575046563172306	0.0
5.582059200358685	0.0
5.589071837545066	0.0
5.596084474731446	0.0
5.603097111917826	0.0
5.610109749104207	0.0
5.617122386290587	0.0
5.624135023476967	0.0
5.6311476606633475	0.0
5.638160297849728	0.0
5.645172935036108	0.0
5.652185572222488	0.0
5.659198209408868	0.0
5.6662108465952485	0.0
5.673223483781629	0.0
5.680236120968009	0.0
5.687248758154389	0.0
5.69426139534077	0.0
5.70127403252715	0.0
5.70828666971353	0.0
5.715299306899911	0.0
5.72231194408629	0.0
5.729324581272671	0.0
5.7363372184590515	0.0
5.743349855645431	0.0
5.750362492831812	0.0
5.757375130018192	0.0
5.764387767204572	0.0
5.771400404390953	0.0
5.778413041577333	0.0
5.785425678763713	0.0
5.792438315950093	0.0
5.799450953136474	0.0
5.806463590322854	0.0
5.813476227509234	0.0
5.820488864695615	0.0
5.8275015018819945	0.0
5.834514139068375	0.0
5.841526776254755	0.0
5.848539413441135	0.0
5.855552050627516	0.0
5.8625646878138955	0.0
5.869577325000276	0.0
5.876589962186657	0.0
5.883602599373036	0.0
5.890615236559417	0.0
5.8976278737457974	0.0
5.904640510932177	0.0
5.911653148118558	0.0
5.918665785304938	0.0
5.925678422491318	0.0
5.9326910596776985	0.0
5.939703696864079	0.0
5.946716334050459	0.0
5.953728971236839	0.0
5.96074160842322	0.0
5.9677542456095996	0.0
5.97476688279598	0.0
5.981779519982361	0.0
5.98879215716874	0.0
5.995804794355121	0.0
6.0028174315415015	0.0
6.009830068727881	0.0
6.016842705914262	0.0
6.023855343100641	0.0
6.030867980287022	0.0
6.0378806174734025	0.0
6.044893254659782	0.0
6.051905891846163	0.0
6.058918529032543	0.0
6.065931166218923	0.0
6.072943803405304	0.0
6.079956440591684	0.0
6.086969077778064	0.0
6.093981714964444	0.0
6.100994352150825	0.0
6.108006989337205	0.0
6.115019626523585	0.0
6.122032263709966	0.0
6.1290449008963455	0.0
6.136057538082726	0.0
6.143070175269107	0.0
6.150082812455486	0.0
6.157095449641867	0.0
6.164108086828247	0.0
6.171120724014627	0.0
6.178133361201008	0.0
6.185145998387388	0.0
6.192158635573768	0.0
6.1991712727601485	0.0
6.206183909946528	0.0
6.213196547132909	0.0
6.220209184319289	0.0
6.227221821505669	0.0
6.2342344586920495	0.0
6.24124709587843	0.0
6.24825973306481	0.0
6.25527237025119	0.0
6.262285007437571	0.0
6.269297644623951	0.0
6.276310281810331	0.0
6.283322918996712	0.0
6.290335556183091	0.0
6.297348193369472	0.0
6.3043608305558525	0.0
6.311373467742232	0.0
6.318386104928613	0.0
6.325398742114993	0.0
6.332411379301373	0.0
6.3394240164877536	0.0
6.346436653674134	0.0
6.353449290860514	0.0
6.360461928046894	0.0
6.367474565233275	0.0
6.374487202419655	0.0
6.381499839606035	0.0
6.388512476792415	0.0
6.395525113978795	0.0
6.402537751165176	0.0
6.409550388351556	0.0
6.416563025537936	0.0
6.423575662724317	0.0
6.4305882999106965	0.0
6.437600937097077	0.0
6.444613574283458	0.0
6.451626211469837	0.0
6.458638848656218	0.0
6.465651485842598	0.0
6.472664123028978	0.0
6.479676760215359	0.0
6.486689397401739	0.0
6.493702034588119	0.0
6.5007146717744995	0.0
6.50772730896088	0.0
6.51473994614726	0.0
6.52175258333364	0.0
6.528765220520021	0.0
6.5357778577064005	0.0
6.542790494892781	0.0
6.549803132079162	0.0
6.556815769265541	0.0
6.563828406451922	0.0
6.570841043638302	0.0
6.577853680824682	0.0
6.584866318011063	0.0
6.591878955197442	0.0
6.598891592383823	0.0
6.6059042295702035	0.0
6.612916866756583	0.0
6.619929503942964	0.0
6.626942141129344	0.0
6.633954778315724	0.0
6.640967415502105	0.0
6.647980052688485	0.0
6.654992689874865	0.0
6.662005327061245	0.0
6.669017964247626	0.0
6.676030601434006	0.0
6.683043238620386	0.0
6.690055875806767	0.0
6.697068512993146	0.0
6.704081150179527	0.0
6.711093787365908	0.0
6.718106424552287	0.0
6.725119061738668	0.0
6.732131698925048	0.0
6.739144336111428	0.0
6.746156973297809	0.0
6.753169610484188	0.0
6.760182247670569	0.0
6.767194884856949	0.0
6.774207522043329	0.0
6.78122015922971	0.0
6.78823279641609	0.0
6.79524543360247	0.0
6.8022580707888505	0.0
6.809270707975231	0.0
6.816283345161611	0.0
6.823295982347991	0.0
6.830308619534372	0.0
6.8373212567207515	0.0
6.844333893907132	0.0
6.851346531093513	0.0
6.858359168279892	0.0
6.865371805466273	0.0
6.8723844426526535	0.0
6.879397079839033	0.0
6.886409717025414	0.0
6.893422354211794	0.0
6.900434991398174	0.0
6.9074476285845545	0.0
6.914460265770935	0.0
6.921472902957315	0.0
6.928485540143695	0.0
6.935498177330075	0.0
6.942510814516456	0.0
6.949523451702836	0.0
6.956536088889216	0.0
6.963548726075596	0.0
6.970561363261977	0.0
6.977574000448357	0.0
6.984586637634737	0.0
6.991599274821118	0.0
6.998611912007497	0.0
