0.0	0.0
0.00108550525334783	0.0
0.00217101050669566	0.0
0.00325651576004349	0.0
0.00434202101339132	0.0
0.00542752626673915	0.0
0.00651303152008698	0.0
0.00759853677343481	0.0
0.00868404202678264	0.0
0.009769547280130469	0.0
0.0108550525334783	0.0
0.01194055778682613	0.0
0.01302606304017396	0.0
0.01411156829352179	0.0
0.01519707354686962	0.0
0.01628257880021745	0.0
0.01736808405356528	0.0
0.01845358930691311	0.0
0.019539094560260938	0.0
0.02062459981360877	0.0
0.0217101050669566	0.0
0.02279561032030443	0.0
0.02388111557365226	0.0
0.02496662082700009	0.0
0.02605212608034792	0.0
0.02713763133369575	0.0
0.02822313658704358	0.0
0.02930864184039141	0.0
0.03039414709373924	0.0
0.03147965234708707	0.0
0.0325651576004349	0.0
0.03365066285378273	0.0
0.03473616810713056	0.0
0.03582167336047839	0.0
0.03690717861382622	0.0
0.03799268386717405	0.0
0.039078189120521876	0.0
0.04016369437386971	0.0
0.04124919962721754	0.0
0.04233470488056537	0.0
0.0434202101339132	0.0
0.04450571538726103	0.0
0.04559122064060886	0.0
0.04667672589395669	0.0
0.04776223114730452	0.0
0.04884773640065235	0.0
0.04993324165400018	0.0
0.05101874690734801	0.0
0.05210425216069584	0.0
0.05318975741404367	0.0
0.0542752626673915	0.0
0.05536076792073933	0.0
0.05644627317408716	0.0
0.05753177842743499	0.0
0.05861728368078282	0.0
0.05970278893413065	0.0
0.06078829418747848	0.0
0.061873799440826306	0.0
0.06295930469417414	0.0
0.06404480994752197	0.0
0.0651303152008698	0.0
0.06621582045421763	0.0
0.06730132570756546	0.0
0.06838683096091329	0.0
0.06947233621426112	0.0
0.07055784146760895	0.0
0.07164334672095678	0.0
0.0727288519743046	0.0
0.07381435722765244	0.0
0.07489986248100027	0.0
0.0759853677343481	0.0
0.07707087298769592	0.0
0.07815637824104375	0.0
0.0792418834943916	0.0
0.08032738874773943	0.0
0.08141289400108725	0.0
0.08249839925443508	0.0
0.08358390450778291	0.0
0.08466940976113074	0.0
0.08575491501447857	0.0
0.0868404202678264	0.0
0.08792592552117423	0.0
0.08901143077452206	0.0
0.09009693602786989	0.0
0.09118244128121772	0.0
0.09226794653456555	0.0
0.09335345178791338	0.0
0.0944389570412612	0.0
0.09552446229460904	0.0
0.09660996754795687	0.0
0.0976954728013047	0.0
0.09878097805465252	0.0
0.09986648330800035	0.0
0.10095198856134818	0.0
0.10203749381469603	0.0
0.10312299906804386	0.0
0.10420850432139168	0.0
0.10529400957473951	0.0
0.10637951482808734	0.0
0.10746502008143517	0.0
0.108550525334783	0.0
0.10963603058813083	0.0
0.11072153584147866	0.0
0.11180704109482649	0.0
0.11289254634817432	0.0
0.11397805160152215	0.0
0.11506355685486998	0.0
0.11614906210821781	0.0
0.11723456736156564	0.0
0.11832007261491347	0.0
0.1194055778682613	0.0
0.12049108312160912	0.0
0.12157658837495695	0.0
0.12266209362830478	0.0
0.12374759888165261	0.0
0.12483310413500046	0.0
0.12591860938834828	0.0
0.12700411464169611	0.0
0.12808961989504394	0.0
0.12917512514839177	0.0
0.1302606304017396	0.0
0.13134613565508743	0.0
0.13243164090843526	0.0
0.1335171461617831	0.0
0.13460265141513092	0.0
0.13568815666847875	0.0
0.13677366192182658	0.0
0.1378591671751744	0.0
0.13894467242852224	0.0
0.14003017768187007	0.0
0.1411156829352179	0.0
0.14220118818856572	0.0
0.14328669344191355	0.0
0.14437219869526138	0.0
0.1454577039486092	0.0
0.14654320920195704	0.0
0.14762871445530487	0.0
0.1487142197086527	0.0
0.14979972496200053	0.0
0.15088523021534836	0.0
0.1519707354686962	0.0
0.15305624072204402	0.0
0.15414174597539185	0.0
0.15522725122873968	0.0
0.1563127564820875	0.0
0.15739826173543534	0.0
0.1584837669887832	0.0
0.15956927224213102	0.0
0.16065477749547885	0.0
0.16174028274882668	0.0
0.1628257880021745	0.0
0.16391129325552234	0.0
0.16499679850887017	0.0
0.166082303762218	0.0
0.16716780901556583	0.0
0.16825331426891366	0.0
0.16933881952226149	0.0
0.17042432477560931	0.0
0.17150983002895714	0.0
0.17259533528230497	0.0
0.1736808405356528	0.0
0.17476634578900063	0.0
0.17585185104234846	0.0
0.1769373562956963	0.0
0.17802286154904412	0.0
0.17910836680239195	0.0
0.18019387205573978	0.0
0.1812793773090876	0.0
0.18236488256243544	0.0
0.18345038781578327	0.0
0.1845358930691311	0.0
0.18562139832247893	0.0
0.18670690357582675	0.0
0.18779240882917458	0.0
0.1888779140825224	0.0
0.18996341933587024	0.0
0.19104892458921807	0.0
0.1921344298425659	0.0
0.19321993509591373	0.0
0.19430544034926156	0.0
0.1953909456026094	0.0
0.19647645085595722	0.0
0.19756195610930505	0.0
0.19864746136265288	0.0
0.1997329666160007	0.0
0.20081847186934854	0.0
0.20190397712269637	0.0
0.2029894823760442	0.0
0.20407498762939205	0.0
0.20516049288273988	0.0
0.2062459981360877	0.0
0.20733150338943554	0.0
0.20841700864278337	0.0
0.2095025138961312	0.0
0.21058801914947903	0.0
0.21167352440282686	0.0
0.2127590296561747	0.0
0.21384453490952252	0.0
0.21493004016287034	0.0
0.21601554541621817	0.0
0.217101050669566	0.0
0.21818655592291383	0.0
0.21927206117626166	0.0
0.2203575664296095	0.0
0.22144307168295732	0.0
0.22252857693630515	0.0
0.22361408218965298	0.0
0.2246995874430008	0.0
0.22578509269634864	0.0
0.22687059794969647	0.0
0.2279561032030443	0.0
0.22904160845639213	0.0
0.23012711370973996	0.0
0.23121261896308778	0.0
0.23229812421643561	0.0
0.23338362946978344	0.0
0.23446913472313127	0.0
0.2355546399764791	0.0
0.23664014522982693	0.0
0.23772565048317476	0.0
0.2388111557365226	0.0
0.23989666098987042	0.0
0.24098216624321825	0.0
0.24206767149656608	0.0
0.2431531767499139	0.0
0.24423868200326174	0.0
0.24532418725660957	0.0
0.2464096925099574	0.0
0.24749519776330522	0.0
0.24858070301665305	0.0
0.2496662082700009	0.0
0.25075171352334874	0.0008785533865128728
0.25183721877669657	0.0
0.2529227240300444	0.0
0.25400822928339223	0.0
0.25509373453674006	0.0
0.2561792397900879	0.0
0.2572647450434357	0.0
0.25835025029678355	0.0
0.2594357555501314	0.0
0.2605212608034792	0.0
0.26160676605682703	0.0
0.26269227131017486	0.0008785533865128728
0.2637777765635227	0.0
0.2648632818168705	0.0
0.26594878707021835	0.0
0.2670342923235662	0.0
0.268119797576914	0.0
0.26920530283026184	0.0
0.27029080808360967	0.0
0.2713763133369575	0.0
0.2724618185903053	0.0
0.27354732384365316	0.0
0.274632829097001	0.0
0.2757183343503488	0.0
0.27680383960369664	0.0
0.2778893448570445	0.0
0.2789748501103923	0.0
0.28006035536374013	0.0
0.28114586061708796	0.0
0.2822313658704358	0.0
0.2833168711237836	0.0
0.28440237637713145	0.0
0.2854878816304793	0.0
0.2865733868838271	0.0
0.28765889213717494	0.0
0.28874439739052277	0.0
0.2898299026438706	0.0
0.2909154078972184	0.0
0.29200091315056625	0.0
0.2930864184039141	0.0
0.2941719236572619	0.0
0.29525742891060974	0.0
0.29634293416395757	0.0
0.2974284394173054	0.0
0.29851394467065323	0.0
0.29959944992400106	0.0
0.3006849551773489	0.0
0.3017704604306967	0.0
0.30285596568404455	0.0
0.3039414709373924	0.0
0.3050269761907402	0.0
0.30611248144408804	0.0
0.30719798669743587	0.0
0.3082834919507837	0.0
0.3093689972041315	0.0
0.31045450245747935	0.0
0.3115400077108272	0.0
0.312625512964175	0.0
0.31371101821752284	0.0
0.31479652347087067	0.0
0.3158820287242185	0.0
0.3169675339775664	0.0
0.3180530392309142	0.0
0.31913854448426204	0.0008785533865128728
0.3202240497376099	0.0
0.3213095549909577	0.0
0.32239506024430553	0.0
0.32348056549765336	0.0
0.3245660707510012	0.0
0.325651576004349	0.0
0.32673708125769685	0.0
0.3278225865110447	0.0
0.3289080917643925	0.0
0.32999359701774034	0.0
0.33107910227108817	0.0
0.332164607524436	0.0
0.3332501127777838	0.0
0.33433561803113165	0.0
0.3354211232844795	0.0
0.3365066285378273	0.0
0.33759213379117514	0.0
0.33867763904452297	0.0
0.3397631442978708	0.0
0.34084864955121863	0.0008785533865128728
0.34193415480456646	0.0
0.3430196600579143	0.0008785533865128728
0.3441051653112621	0.0
0.34519067056460995	0.0
0.3462761758179578	0.0
0.3473616810713056	0.0
0.34844718632465344	0.0
0.34953269157800126	0.0
0.3506181968313491	0.0
0.3517037020846969	0.0
0.35278920733804475	0.0
0.3538747125913926	0.0
0.3549602178447404	0.0
0.35604572309808824	0.0
0.35713122835143607	0.0
0.3582167336047839	0.0
0.35930223885813173	0.0
0.36038774411147956	0.0
0.3614732493648274	0.0
0.3625587546181752	0.0
0.36364425987152305	0.0
0.3647297651248709	0.0008785533865128728
0.3658152703782187	0.0
0.36690077563156653	0.0
0.36798628088491436	0.0017571067730257457
0.3690717861382622	0.0008785533865128728
0.37015729139161	0.0
0.37124279664495785	0.0
0.3723283018983057	0.0
0.3734138071516535	0.0
0.37449931240500134	0.0
0.37558481765834917	0.0
0.376670322911697	0.0
0.3777558281650448	0.0
0.37884133341839266	0.0
0.3799268386717405	0.0
0.3810123439250883	0.0
0.38209784917843614	0.0
0.383183354431784	0.0
0.3842688596851318	0.0
0.38535436493847963	0.0
0.38643987019182746	0.0
0.3875253754451753	0.0
0.3886108806985231	0.0008785533865128728
0.38969638595187095	0.0
0.3907818912052188	0.0
0.3918673964585666	0.0
0.39295290171191444	0.0008785533865128728
0.39403840696526227	0.0
0.3951239122186101	0.0
0.3962094174719579	0.0
0.39729492272530575	0.0
0.3983804279786536	0.0
0.3994659332320014	0.0
0.40055143848534924	0.0008785533865128728
0.40163694373869707	0.0008785533865128728
0.4027224489920449	0.0
0.40380795424539273	0.0
0.40489345949874056	0.0
0.4059789647520884	0.0008785533865128728
0.4070644700054363	0.0
0.4081499752587841	0.0017571067730257457
0.40923548051213193	0.0
0.41032098576547976	0.0008785533865128728
0.4114064910188276	0.0
0.4124919962721754	0.0
0.41357750152552325	0.0
0.4146630067788711	0.0008785533865128728
0.4157485120322189	0.0008785533865128728
0.41683401728556674	0.0
0.41791952253891457	0.0
0.4190050277922624	0.0017571067730257457
0.4200905330456102	0.0
0.42117603829895806	0.0008785533865128728
0.4222615435523059	0.0
0.4233470488056537	0.0
0.42443255405900154	0.0008785533865128728
0.4255180593123494	0.0
0.4266035645656972	0.0
0.42768906981904503	0.0
0.42877457507239286	0.0
0.4298600803257407	0.0
0.4309455855790885	0.0
0.43203109083243635	0.0
0.4331165960857842	0.0008785533865128728
0.434202101339132	0.0
0.43528760659247984	0.0
0.43637311184582767	0.0
0.4374586170991755	0.0
0.4385441223525233	0.0
0.43962962760587115	0.0
0.440715132859219	0.0
0.4418006381125668	0.0008785533865128728
0.44288614336591464	0.0
0.44397164861926247	0.0008785533865128728
0.4450571538726103	0.0
0.44614265912595813	0.0
0.44722816437930596	0.0008785533865128728
0.4483136696326538	0.0
0.4493991748860016	0.0
0.45048468013934945	0.0
0.4515701853926973	0.0
0.4526556906460451	0.0008785533865128728
0.45374119589939294	0.0017571067730257457
0.45482670115274076	0.0008785533865128728
0.4559122064060886	0.0
0.4569977116594364	0.0008785533865128728
0.45808321691278425	0.0
0.4591687221661321	0.0008785533865128728
0.4602542274194799	0.0
0.46133973267282774	0.0017571067730257457
0.46242523792617557	0.0008785533865128728
0.4635107431795234	0.0017571067730257457
0.46459624843287123	0.0
0.46568175368621906	0.0
0.4667672589395669	0.0
0.4678527641929147	0.0017571067730257457
0.46893826944626255	0.0
0.4700237746996104	0.0
0.4711092799529582	0.0008785533865128728
0.47219478520630603	0.0
0.47328029045965386	0.0008785533865128728
0.4743657957130017	0.0008785533865128728
0.4754513009663495	0.0
0.47653680621969735	0.0
0.4776223114730452	0.0017571067730257457
0.478707816726393	0.0008785533865128728
0.47979332197974084	0.0008785533865128728
0.48087882723308867	0.0
0.4819643324864365	0.0026356601595386186
0.4830498377397843	0.0008785533865128728
0.48413534299313216	0.0
0.48522084824648	0.0
0.4863063534998278	0.0008785533865128728
0.48739185875317564	0.0026356601595386186
0.4884773640065235	0.0
0.4895628692598713	0.0
0.49064837451321913	0.0008785533865128728
0.49173387976656696	0.0
0.4928193850199148	0.0017571067730257457
0.4939048902732626	0.0026356601595386186
0.49499039552661045	0.0026356601595386186
0.4960759007799583	0.0
0.4971614060333061	0.0008785533865128728
0.498246911286654	0.0008785533865128728
0.4993324165400018	0.0026356601595386186
0.5004179217933497	0.0
0.5015034270466975	0.0017571067730257457
0.5025889323000453	0.0008785533865128728
0.5036744375533931	0.0
0.504759942806741	0.0008785533865128728
0.5058454480600888	0.0008785533865128728
0.5069309533134366	0.0
0.5080164585667845	0.0008785533865128728
0.5091019638201323	0.0
0.5101874690734801	0.0008785533865128728
0.511272974326828	0.0008785533865128728
0.5123584795801758	0.0
0.5134439848335236	0.0008785533865128728
0.5145294900868714	0.0
0.5156149953402193	0.0008785533865128728
0.5167005005935671	0.0
0.5177860058469149	0.0017571067730257457
0.5188715111002628	0.0026356601595386186
0.5199570163536106	0.0
0.5210425216069584	0.0008785533865128728
0.5221280268603062	0.0017571067730257457
0.5232135321136541	0.0
0.5242990373670019	0.0
0.5253845426203497	0.0
0.5264700478736976	0.0
0.5275555531270454	0.0008785533865128728
0.5286410583803932	0.0008785533865128728
0.529726563633741	0.0017571067730257457
0.5308120688870889	0.0
0.5318975741404367	0.0017571067730257457
0.5329830793937845	0.0008785533865128728
0.5340685846471324	0.0017571067730257457
0.5351540899004802	0.0017571067730257457
0.536239595153828	0.0
0.5373251004071758	0.0017571067730257457
0.5384106056605237	0.0026356601595386186
0.5394961109138715	0.0
0.5405816161672193	0.0008785533865128728
0.5416671214205672	0.0026356601595386186
0.542752626673915	0.0026356601595386186
0.5438381319272628	0.0017571067730257457
0.5449236371806107	0.0
0.5460091424339585	0.0035142135460514913
0.5470946476873063	0.0
0.5481801529406541	0.0026356601595386186
0.549265658194002	0.0008785533865128728
0.5503511634473498	0.0
0.5514366687006976	0.0008785533865128728
0.5525221739540455	0.0
0.5536076792073933	0.0
0.5546931844607411	0.0017571067730257457
0.555778689714089	0.0
0.5568641949674368	0.0008785533865128728
0.5579497002207846	0.0008785533865128728
0.5590352054741324	0.0017571067730257457
0.5601207107274803	0.0008785533865128728
0.5612062159808281	0.0
0.5622917212341759	0.0008785533865128728
0.5633772264875238	0.0026356601595386186
0.5644627317408716	0.0
0.5655482369942194	0.0017571067730257457
0.5666337422475672	0.0017571067730257457
0.5677192475009151	0.0
0.5688047527542629	0.0
0.5698902580076107	0.0017571067730257457
0.5709757632609586	0.0008785533865128728
0.5720612685143064	0.0017571067730257457
0.5731467737676542	0.0035142135460514913
0.574232279021002	0.0026356601595386186
0.5753177842743499	0.0043927669325643645
0.5764032895276977	0.0043927669325643645
0.5774887947810455	0.0026356601595386186
0.5785743000343934	0.005271320319077237
0.5796598052877412	0.0008785533865128728
0.580745310541089	0.0043927669325643645
0.5818308157944369	0.0017571067730257457
0.5829163210477847	0.0035142135460514913
0.5840018263011325	0.0008785533865128728
0.5850873315544803	0.0026356601595386186
0.5861728368078282	0.0008785533865128728
0.587258342061176	0.0008785533865128728
0.5883438473145238	0.0008785533865128728
0.5894293525678717	0.0017571067730257457
0.5905148578212195	0.0026356601595386186
0.5916003630745673	0.0026356601595386186
0.5926858683279151	0.0017571067730257457
0.593771373581263	0.0035142135460514913
0.5948568788346108	0.0035142135460514913
0.5959423840879586	0.0043927669325643645
0.5970278893413065	0.0017571067730257457
0.5981133945946543	0.0017571067730257457
0.5991988998480021	0.0026356601595386186
0.60028440510135	0.0026356601595386186
0.6013699103546978	0.0017571067730257457
0.6024554156080456	0.00614987370559011
0.6035409208613934	0.0017571067730257457
0.6046264261147413	0.0017571067730257457
0.6057119313680891	0.0043927669325643645
0.6067974366214369	0.005271320319077237
0.6078829418747848	0.007028427092102983
0.6089684471281326	0.0026356601595386186
0.6100539523814804	0.0
0.6111394576348282	0.0017571067730257457
0.6122249628881761	0.00614987370559011
0.6133104681415239	0.0008785533865128728
0.6143959733948717	0.0017571067730257457
0.6154814786482196	0.0008785533865128728
0.6165669839015674	0.0017571067730257457
0.6176524891549152	0.0043927669325643645
0.618737994408263	0.0035142135460514913
0.6198234996616109	0.0026356601595386186
0.6209090049149587	0.005271320319077237
0.6219945101683065	0.0026356601595386186
0.6230800154216544	0.005271320319077237
0.6241655206750022	0.007028427092102983
0.62525102592835	0.0026356601595386186
0.6263365311816979	0.0026356601595386186
0.6274220364350457	0.0017571067730257457
0.6285075416883935	0.005271320319077237
0.6295930469417413	0.005271320319077237
0.6306785521950892	0.00614987370559011
0.631764057448437	0.0043927669325643645
0.6328495627017848	0.0026356601595386186
0.6339350679551328	0.007028427092102983
0.6350205732084806	0.007028427092102983
0.6361060784618284	0.0043927669325643645
0.6371915837151763	0.0035142135460514913
0.6382770889685241	0.0043927669325643645
0.6393625942218719	0.007028427092102983
0.6404480994752197	0.0043927669325643645
0.6415336047285676	0.005271320319077237
0.6426191099819154	0.00614987370559011
0.6437046152352632	0.0017571067730257457
0.6447901204886111	0.005271320319077237
0.6458756257419589	0.005271320319077237
0.6469611309953067	0.0017571067730257457
0.6480466362486546	0.007028427092102983
0.6491321415020024	0.0017571067730257457
0.6502176467553502	0.0017571067730257457
0.651303152008698	0.0035142135460514913
0.6523886572620459	0.0017571067730257457
0.6534741625153937	0.00614987370559011
0.6545596677687415	0.008785533865128729
0.6556451730220894	0.00614987370559011
0.6567306782754372	0.01229974741118022
0.657816183528785	0.0043927669325643645
0.6589016887821328	0.0043927669325643645
0.6599871940354807	0.005271320319077237
0.6610726992888285	0.0043927669325643645
0.6621582045421763	0.0043927669325643645
0.6632437097955242	0.009664087251641602
0.664329215048872	0.0043927669325643645
0.6654147203022198	0.0017571067730257457
0.6665002255555676	0.008785533865128729
0.6675857308089155	0.007906980478615856
0.6686712360622633	0.005271320319077237
0.6697567413156111	0.00614987370559011
0.670842246568959	0.007906980478615856
0.6719277518223068	0.0026356601595386186
0.6730132570756546	0.0043927669325643645
0.6740987623290025	0.005271320319077237
0.6751842675823503	0.0043927669325643645
0.6762697728356981	0.007028427092102983
0.6773552780890459	0.0043927669325643645
0.6784407833423938	0.00614987370559011
0.6795262885957416	0.0043927669325643645
0.6806117938490894	0.005271320319077237
0.6816972991024373	0.009664087251641602
0.6827828043557851	0.0026356601595386186
0.6838683096091329	0.007906980478615856
0.6849538148624807	0.007906980478615856
0.6860393201158286	0.007028427092102983
0.6871248253691764	0.00614987370559011
0.6882103306225242	0.011421194024667347
0.6892958358758721	0.0043927669325643645
0.6903813411292199	0.011421194024667347
0.6914668463825677	0.0035142135460514913
0.6925523516359156	0.009664087251641602
0.6936378568892634	0.007028427092102983
0.6947233621426112	0.0043927669325643645
0.695808867395959	0.009664087251641602
0.6968943726493069	0.010542640638154474
0.6979798779026547	0.005271320319077237
0.6990653831560025	0.008785533865128729
0.7001508884093504	0.009664087251641602
0.7012363936626982	0.011421194024667347
0.702321898916046	0.008785533865128729
0.7034074041693938	0.007028427092102983
0.7044929094227417	0.005271320319077237
0.7055784146760895	0.011421194024667347
0.7066639199294373	0.015813960957231712
0.7077494251827852	0.011421194024667347
0.708834930436133	0.007028427092102983
0.7099204356894808	0.00614987370559011
0.7110059409428287	0.014056854184205965
0.7120914461961765	0.007906980478615856
0.7131769514495243	0.00614987370559011
0.7142624567028721	0.013178300797693093
0.71534796195622	0.014056854184205965
0.7164334672095678	0.008785533865128729
0.7175189724629156	0.007906980478615856
0.7186044777162635	0.011421194024667347
0.7196899829696113	0.013178300797693093
0.7207754882229591	0.010542640638154474
0.721860993476307	0.009664087251641602
0.7229464987296548	0.01229974741118022
0.7240320039830026	0.008785533865128729
0.7251175092363504	0.010542640638154474
0.7262030144896983	0.008785533865128729
0.7272885197430461	0.007906980478615856
0.7283740249963939	0.009664087251641602
0.7294595302497417	0.013178300797693093
0.7305450355030896	0.008785533865128729
0.7316305407564374	0.011421194024667347
0.7327160460097852	0.008785533865128729
0.7338015512631331	0.010542640638154474
0.7348870565164809	0.011421194024667347
0.7359725617698287	0.00614987370559011
0.7370580670231766	0.01229974741118022
0.7381435722765244	0.017571067730257458
0.7392290775298722	0.011421194024667347
0.74031458278322	0.007906980478615856
0.7414000880365679	0.009664087251641602
0.7424855932899157	0.011421194024667347
0.7435710985432635	0.008785533865128729
0.7446566037966114	0.013178300797693093
0.7457421090499592	0.016692514343744583
0.746827614303307	0.014056854184205965
0.7479131195566548	0.013178300797693093
0.7489986248100027	0.009664087251641602
0.7500841300633505	0.014056854184205965
0.7511696353166983	0.014056854184205965
0.7522551405700462	0.01844962111677033
0.753340645823394	0.009664087251641602
0.7544261510767418	0.011421194024667347
0.7555116563300897	0.02108528127630895
0.7565971615834375	0.011421194024667347
0.7576826668367853	0.019328174503283203
0.7587681720901331	0.020206727889796074
0.759853677343481	0.019328174503283203
0.7609391825968288	0.016692514343744583
0.7620246878501766	0.014935407570718838
0.7631101931035245	0.014935407570718838
0.7641956983568723	0.01229974741118022
0.7652812036102201	0.015813960957231712
0.766366708863568	0.01229974741118022
0.7674522141169158	0.015813960957231712
0.7685377193702636	0.015813960957231712
0.7696232246236114	0.015813960957231712
0.7707087298769593	0.014056854184205965
0.7717942351303071	0.009664087251641602
0.7728797403836549	0.014935407570718838
0.7739652456370028	0.01844962111677033
0.7750507508903506	0.019328174503283203
0.7761362561436984	0.016692514343744583
0.7772217613970462	0.015813960957231712
0.7783072666503941	0.011421194024667347
0.7793927719037419	0.01844962111677033
0.7804782771570897	0.014056854184205965
0.7815637824104376	0.020206727889796074
0.7826492876637854	0.019328174503283203
0.7837347929171332	0.019328174503283203
0.784820298170481	0.020206727889796074
0.7859058034238289	0.02108528127630895
0.7869913086771767	0.01844962111677033
0.7880768139305245	0.017571067730257458
0.7891623191838724	0.02459949482236044
0.7902478244372202	0.019328174503283203
0.791333329690568	0.02459949482236044
0.7924188349439159	0.017571067730257458
0.7935043401972637	0.019328174503283203
0.7945898454506115	0.014935407570718838
0.7956753507039593	0.016692514343744583
0.7967608559573072	0.02108528127630895
0.797846361210655	0.02547804820887331
0.7989318664640028	0.02108528127630895
0.8000173717173507	0.019328174503283203
0.8011028769706985	0.017571067730257458
0.8021883822240463	0.023720941435847565
0.8032738874773941	0.023720941435847565
0.804359392730742	0.023720941435847565
0.8054448979840898	0.02108528127630895
0.8065304032374376	0.02108528127630895
0.8076159084907855	0.02108528127630895
0.8087014137441333	0.017571067730257458
0.8097869189974811	0.02196383466282182
0.810872424250829	0.02547804820887331
0.8119579295041768	0.0289922617549248
0.8130434347575246	0.019328174503283203
0.8141289400108725	0.023720941435847565
0.8152144452642204	0.02108528127630895
0.8162999505175682	0.02459949482236044
0.817385455770916	0.02811370836841193
0.8184709610242639	0.02459949482236044
0.8195564662776117	0.026356601595386185
0.8206419715309595	0.03602068884702778
0.8217274767843074	0.026356601595386185
0.8228129820376552	0.030749368527950547
0.823898487291003	0.029870815141437676
0.8249839925443508	0.035142135460514916
0.8260694977976987	0.029870815141437676
0.8271550030510465	0.026356601595386185
0.8282405083043943	0.023720941435847565
0.8293260135577422	0.02459949482236044
0.83041151881109	0.027235154981899056
0.8314970240644378	0.03338502868748917
0.8325825293177856	0.020206727889796074
0.8336680345711335	0.031627921914463425
0.8347535398244813	0.03338502868748917
0.8358390450778291	0.027235154981899056
0.836924550331177	0.02811370836841193
0.8380100555845248	0.02459949482236044
0.8390955608378726	0.030749368527950547
0.8401810660912205	0.035142135460514916
0.8412665713445683	0.03426358207400204
0.8423520765979161	0.03777779562005353
0.8434375818512639	0.02547804820887331
0.8445230871046118	0.026356601595386185
0.8456085923579596	0.03250647530097629
0.8466940976113074	0.03250647530097629
0.8477796028646553	0.03250647530097629
0.8488651081180031	0.03865634900656641
0.8499506133713509	0.03689924223354066
0.8510361186246987	0.03426358207400204
0.8521216238780466	0.04041345577959215
0.8532071291313944	0.046563329485182256
0.8542926343847422	0.04129200916610502
0.8553781396380901	0.04392766932564364
0.8564636448914379	0.04041345577959215
0.8575491501447857	0.039534902393079274
0.8586346553981336	0.039534902393079274
0.8597201606514814	0.03865634900656641
0.8608056659048292	0.044806222712156514
0.861891171158177	0.04392766932564364
0.8629766764115249	0.035142135460514916
0.8640621816648727	0.039534902393079274
0.8651476869182205	0.048320436258208005
0.8662331921715684	0.044806222712156514
0.8673186974249162	0.053591756577285245
0.868404202678264	0.03602068884702778
0.8694897079316118	0.04919898964472088
0.8705752131849597	0.04568477609866939
0.8716607184383075	0.04129200916610502
0.8727462236916553	0.04919898964472088
0.8738317289450032	0.04919898964472088
0.874917234198351	0.043049115939130765
0.8760027394516988	0.050077543031233754
0.8770882447050466	0.0421705625526179
0.8781737499583945	0.046563329485182256
0.8792592552117423	0.0421705625526179
0.8803447604650901	0.04129200916610502
0.881430265718438	0.04568477609866939
0.8825157709717858	0.048320436258208005
0.8836012762251336	0.050077543031233754
0.8846867814784815	0.05271320319077237
0.8857722867318293	0.04919898964472088
0.8868577919851771	0.04568477609866939
0.8879432972385249	0.05534886335031099
0.8890288024918728	0.04919898964472088
0.8901143077452206	0.05447030996379811
0.8911998129985684	0.046563329485182256
0.8922853182519163	0.05447030996379811
0.8933708235052641	0.053591756577285245
0.8944563287586119	0.061498737055901094
0.8955418340119597	0.050077543031233754
0.8966273392653076	0.044806222712156514
0.8977128445186554	0.053591756577285245
0.8987983497720032	0.048320436258208005
0.8998838550253511	0.046563329485182256
0.9009693602786989	0.04744188287169513
0.9020548655320467	0.051834649804259496
0.9031403707853946	0.06237729044241397
0.9042258760387424	0.050077543031233754
0.9053113812920902	0.053591756577285245
0.906396886545438	0.06677005737497833
0.9074823917987859	0.06677005737497833
0.9085678970521337	0.06589150398846547
0.9096534023054815	0.05534886335031099
0.9107389075588294	0.057105970123336736
0.9118244128121772	0.060620183669388226
0.912909918065525	0.061498737055901094
0.9139954233188728	0.05447030996379811
0.9150809285722207	0.057105970123336736
0.9161664338255685	0.06501295060195258
0.9172519390789163	0.06852716414800408
0.9183374443322642	0.0676486107614912
0.919422949585612	0.06677005737497833
0.9205084548389598	0.05886307689636248
0.9215939600923077	0.06677005737497833
0.9226794653456555	0.06589150398846547
0.9237649705990033	0.06501295060195258
0.9248504758523511	0.07555559124010706
0.925935981105699	0.0711628243075427
0.9270214863590468	0.07994835817267143
0.9281069916123946	0.0711628243075427
0.9291924968657425	0.061498737055901094
0.9302780021190903	0.0676486107614912
0.9313635073724381	0.08609823187826153
0.932449012625786	0.07555559124010706
0.9335345178791338	0.07731269801313281
0.9346200231324816	0.0676486107614912
0.9357055283858294	0.07994835817267143
0.9367910336391773	0.06589150398846547
0.9378765388925251	0.08697678526477441
0.9389620441458729	0.08258401833221005
0.9400475493992207	0.07379848446708132
0.9411330546525686	0.07467703785359418
0.9422185599059164	0.08346257171872291
0.9433040651592642	0.09488376574339026
0.9443895704126121	0.07906980478615855
0.9454750756659599	0.0808269115591843
0.9465605809193077	0.08258401833221005
0.9476460861726556	0.09751942590292888
0.9487315914260034	0.08521967849174866
0.9498170966793512	0.08258401833221005
0.950902601932699	0.07555559124010706
0.9519881071860469	0.08609823187826153
0.9530736124393947	0.0808269115591843
0.9541591176927425	0.08521967849174866
0.9552446229460904	0.0904909988108259
0.9563301281994382	0.08609823187826153
0.957415633452786	0.08961244542431303
0.9585011387061338	0.08258401833221005
0.9595866439594817	0.07906980478615855
0.9606721492128295	0.10191219283549324
0.9617576544661773	0.10542640638154474
0.9628431597195252	0.0940052123568774
0.963928664972873	0.08521967849174866
0.9650141702262208	0.08873389203780016
0.9660996754795687	0.09664087251641601
0.9671851807329165	0.09136955219733878
0.9682706859862643	0.09312665897036451
0.9693561912396121	0.0808269115591843
0.97044169649296	0.08697678526477441
0.9715272017463078	0.11245483347364772
0.9726127069996556	0.11421194024667347
0.9736982122530035	0.0808269115591843
0.9747837175063513	0.10630495976805761
0.9758692227596991	0.12563313427134082
0.976954728013047	0.1194832605657507
0.9780402332663948	0.10630495976805761
0.9791257385197426	0.09576231912990314
0.9802112437730904	0.11245483347364772
0.9812967490264383	0.09664087251641601
0.9823822542797861	0.1098191733141091
0.9834677595331339	0.12739024104436655
0.9845532647864818	0.1098191733141091
0.9856387700398296	0.1159690470196992
0.9867242752931774	0.12563313427134082
0.9878097805465252	0.10894061992759622
0.9888952857998731	0.12387602749831507
0.9899807910532209	0.11157628008713485
0.9910662963065687	0.1159690470196992
0.9921518015599166	0.13178300797693093
0.9932373068132644	0.10806206654108336
0.9943228120666122	0.10103363944898038
0.9954083173199602	0.13002590120390517
0.996493822573308	0.09839797928944176
0.9975793278266558	0.11421194024667347
0.9986648330800036	0.11069772670062197
0.9997503383333515	0.12826879443087943
1.0008358435866993	0.13617577490949528
1.0019213488400471	0.10718351315457049
1.003006854093395	0.14056854184205966
1.0040923593467428	0.1265116876578537
1.0051778646000906	0.13178300797693093
1.0062633698534384	0.12387602749831507
1.0073488751067863	0.10454785299503186
1.008434380360134	0.14408275538811113
1.009519885613482	0.12914734781739232
1.0106053908668298	0.14935407570718837
1.0116908961201776	0.1326615613634438
1.0127764013735254	0.12563313427134082
1.0138619066268733	0.12826879443087943
1.014947411880221	0.14759696893416263
1.016032917133569	0.13178300797693093
1.0171184223869167	0.12299747411180219
1.0182039276402646	0.14496130877462401
1.0192894328936124	0.15726105618580424
1.0203749381469602	0.14759696893416263
1.021460443400308	0.14935407570718837
1.022545948653656	0.14759696893416263
1.0236314539070037	0.1686822502104716
1.0247169591603515	0.15550394941277848
1.0258024644136994	0.15726105618580424
1.0268879696670472	0.14144709522857252
1.027973474920395	0.18273910439467755
1.0290589801737429	0.1748321239160617
1.0301444854270907	0.15726105618580424
1.0312299906804385	0.18625331794072902
1.0323154959337864	0.1651680366644201
1.0334010011871342	0.18273910439467755
1.034486506440482	0.14935407570718837
1.0355720116938298	0.1581396095723171
1.0366575169471777	0.18010344423513894
1.0377430222005255	0.1748321239160617
1.0388285274538733	0.18537476455421617
1.0399140327072212	0.17922489084862606
1.040999537960569	0.1809819976216518
1.0420850432139168	0.1642894832779072
1.0431705484672646	0.17834633746211317
1.0442560537206125	0.1748321239160617
1.0453415589739603	0.18186055100816467
1.0464270642273081	0.18625331794072902
1.047512569480656	0.1686822502104716
1.0485980747340038	0.1906460848732934
1.0496835799873516	0.20470293905749937
1.0507690852406995	0.18186055100816467
1.0518545904940473	0.18625331794072902
1.052940095747395	0.1748321239160617
1.054025601000743	0.1844962111677033
1.0551111062540908	0.21788123985519245
1.0561966115074386	0.1880104247137548
1.0572821167607864	0.19240319164631914
1.0583676220141343	0.19855306535190925
1.059453127267482	0.21524557969565383
1.06053863252083	0.2064600458305251
1.0616241377741777	0.20821715260355086
1.0627096430275256	0.19767451196539637
1.0637951482808734	0.20558149244401225
1.0648806535342212	0.22666677372032118
1.065966158787569	0.23720941435847567
1.067051664040917	0.2354523075854499
1.0681371692942647	0.2196383466282182
1.0692226745476126	0.19240319164631914
1.0703081798009604	0.2398450745180143
1.0713936850543082	0.22227400678775683
1.072479190307656	0.2539019287022202
1.0735646955610039	0.22578822033380833
1.0746502008143517	0.2170026864686796
1.0757357060676995	0.21875979324170533
1.0768212113210474	0.21173136614960236
1.0779067165743952	0.22578822033380833
1.078992221827743	0.21875979324170533
1.0800777270810908	0.19943161873842213
1.0811632323344387	0.20733859921703798
1.0822487375877865	0.21524557969565383
1.0833342428411343	0.24950916176965587
1.0844197480944822	0.24775205499663014
1.08550525334783	0.24687350161011726
1.0865907586011778	0.24687350161011726
1.0876762638545256	0.2398450745180143
1.0887617691078735	0.25741614224827175
1.0898472743612213	0.2398450745180143
1.0909327796145691	0.22051690001473107
1.092018284867917	0.24687350161011726
1.0931037901212648	0.24335928806406576
1.0941892953746126	0.28816551077622227
1.0952748006279605	0.25653758886175887
1.0963603058813083	0.2609303557943232
1.0974458111346561	0.25829469563478463
1.098531316388004	0.25829469563478463
1.0996168216413518	0.27586576336504204
1.1007023268946996	0.27586576336504204
1.1017878321480474	0.2644445693403747
1.1028733374013953	0.27586576336504204
1.103958842654743	0.2785014235245807
1.105044347908091	0.30573657850647973
1.1061298531614387	0.27323010320550345
1.1072153584147866	0.2925582777087867
1.1083008636681344	0.28904406416273515
1.1093863689214822	0.3074936852795055
1.11047187417483	0.29870815141437673
1.111557379428178	0.3004652581874025
1.1126428846815257	0.2978295980278639
1.1137283899348736	0.2846512972301708
1.1148138951882214	0.3171577725311471
1.1158994004415692	0.2978295980278639
1.116984905694917	0.32418619962325007
1.1180704109482649	0.3391216071939689
1.1191559162016127	0.33472884026140454
1.1202414214549605	0.3206719860771986
1.1213269267083084	0.3426358207400204
1.1224124319616562	0.3514213546051491
1.123497937215004	0.3162792191446342
1.1245834424683518	0.3268218597827887
1.1256689477216997	0.3435143741265333
1.1267544529750475	0.31803632591765996
1.1278399582283953	0.352299907991662
1.1289254634817432	0.35493556815120064
1.130010968735091	0.345271480899559
1.1310964739884388	0.36108544185679076
1.1321819792417867	0.3356073936479174
1.1332674844951345	0.38304927651961257
1.1343529897484823	0.34702858767258477
1.1354384950018301	0.3373645004209432
1.136524000255178	0.34087871396699465
1.1376095055085258	0.35669267492422635
1.1386950107618736	0.37953506297356104
1.1397805160152215	0.35405701476468776
1.1408660212685693	0.36987097572191946
1.1419515265219171	0.37250663588145805
1.143037031775265	0.3971061307038185
1.1441225370286128	0.39183481038474127
1.1452080422819606	0.3672353155623808
1.1462935475353084	0.40589166456894726
1.1473790527886563	0.3645996554028422
1.148464558042004	0.35581412153771347
1.149550063295352	0.4120415382745374
1.1506355685486997	0.37777795620053534
1.1517210738020476	0.39183481038474127
1.1528065790553954	0.4129200916610502
1.1538920843087432	0.3971061307038185
1.154977589562091	0.40764877134197297
1.156063094815439	0.4111629848880245
1.1571486000687867	0.39974179086335715
1.1582341053221346	0.4366410330968978
1.1593196105754824	0.42434128568571755
1.1604051158288302	0.39974179086335715
1.161490621082178	0.4269769458452562
1.1625761263355259	0.40589166456894726
1.1636616315888737	0.40062034424987003
1.1647471368422215	0.4208270721396661
1.1658326420955694	0.42873405261828196
1.1669181473489172	0.4340053729373592
1.168003652602265	0.4111629848880245
1.1690891578556128	0.44454801357551366
1.1701746631089607	0.462997634692284
1.1712601683623085	0.4594834211462325
1.1723456736156563	0.47002606178438694
1.1734311788690042	0.4480622271215651
1.174516684122352	0.4594834211462325
1.1756021893756998	0.4638761880787968
1.1766876946290477	0.49638266337977316
1.1777731998823955	0.4709046151708998
1.1788587051357433	0.4814472558090543
1.1799442103890911	0.4647547414653097
1.181029715642439	0.49023278967418304
1.1821152208957868	0.4726617219439256
1.1832007261491346	0.5192250514291078
1.1842862314024825	0.49286844983372163
1.1853717366558303	0.525374925134698
1.1864572419091781	0.4796901490360286
1.187542747162526	0.5165893912695693
1.1886282524158738	0.5297676920672623
1.1897137576692216	0.511318070950492
1.1907992629225694	0.4691475083978741
1.1918847681759173	0.5473387597975198
1.192970273429265	0.5429459928649554
1.194055778682613	0.5719382546198802
1.1951412839359608	0.545581653024494
1.1962267891893086	0.5561242936626485
1.1973122944426564	0.5297676920672623
1.1983977996960042	0.5411888860919296
1.199483304949352	0.5367961191593653
1.2005688102027	0.5324033522268009
1.2016543154560477	0.5403103327054167
1.2027398207093956	0.5534886335031098
1.2038253259627434	0.5473387597975198
1.2049108312160912	0.5508529733435713
1.205996336469439	0.5613956139817258
1.2070818417227869	0.5816023418715218
1.2081673469761347	0.5570028470491614
1.2092528522294825	0.6158659239455239
1.2103383574828304	0.6026876231478308
1.2114238627361782	0.6035661765343436
1.212509367989526	0.5956591960557278
1.2135948732428739	0.5991734096017792
1.2146803784962217	0.5991734096017792
1.2157658837495695	0.600930516374805
1.2168513890029173	0.6299227781297299
1.2179368942562652	0.6316798849027555
1.219022399509613	0.6026876231478308
1.2201079047629608	0.6088374968534208
1.2211934100163087	0.6220157976511139
1.2222789152696565	0.6343155450622942
1.2233644205230043	0.6097160502399337
1.2244499257763521	0.6176230307185496
1.2255354310297	0.6378297586083457
1.2266209362830478	0.6554008263386031
1.2277064415363956	0.6923000685721438
1.2287919467897435	0.6984499422777339
1.2298774520430913	0.6360726518353199
1.2309629572964391	0.6923000685721438
1.232048462549787	0.6431010789274229
1.2331339678031348	0.6852716414800408
1.2342194730564826	0.6589150398846546
1.2353049783098304	0.6870287482530666
1.2363904835631783	0.6773646610014249
1.237475988816526	0.6685791271362962
1.238561494069874	0.7010856024372725
1.2396469993232218	0.6817574279339893
1.2407325045765696	0.72480654387312
1.2418180098299174	0.7617057861066607
1.2429035150832652	0.7283207574191716
1.243989020336613	0.7212923303270686
1.245074525589961	0.7379848446708132
1.2461600308433087	0.7625843394931736
1.2472455360966566	0.7950908147941499
1.2483310413500044	0.7476489319224547
1.2494165466033522	0.7283207574191716
1.2505020518567	0.7836696207694825
1.2515875571100479	0.7221708837135815
1.2526730623633957	0.7731269801313281
1.2537585676167435	0.7977264749536885
1.2548440728700914	0.766977106425738
1.2559295781234392	0.8170546494569717
1.257015083376787	0.8100262223648688
1.2581005886301349	0.8434112510523579
1.2591860938834827	0.8029977952727657
1.2602715991368305	0.7722484267448152
1.2613571043901783	0.7933337080211241
1.2624426096435262	0.849561124757948
1.263528114896874	0.8398970375063064
1.2646136201502218	0.8741606195803084
1.2656991254035697	0.8486825713714351
1.2667846306569177	0.8882174737645144
1.2678701359102655	0.8715249594207698
1.2689556411636134	0.8469254645984094
1.2700411464169612	0.8829461534454371
1.271126651670309	0.8548324450770253
1.2722121569236569	0.8451683578253837
1.2732976621770047	0.8539538916905124
1.2743831674303525	0.863617978942154
1.2754686726837003	0.8715249594207698
1.2765541779370482	0.8908531339240531
1.277639683190396	0.9321451430901581
1.2787251884437438	0.8741606195803084
1.2798106936970917	0.9101813084273362
1.2808961989504395	0.946201997274364
1.2819817042037873	0.9057885414947718
1.2830672094571351	0.9611374048450828
1.284152714710483	0.9400521235687739
1.2852382199638308	0.9822226861213919
1.2863237252171786	0.9918867733730334
1.2874092304705265	0.918966842292465
1.2884947357238743	1.0006723072381623
1.2895802409772221	0.9971580936921106
1.29066574623057	0.9084242016543105
1.2917512514839178	0.9831012395079047
1.2928367567372656	0.9681658319371859
1.2939222619906134	1.0094578411032908
1.2950077672439613	1.0050650741707265
1.296093272497309	1.0270289088335482
1.297178777750657	1.0437214231772929
1.2982642830040048	1.0217575885144712
1.2993497882573526	1.0542640638154475
1.3004352935107004	1.0542640638154475
1.3015207987640482	1.1201555678039128
1.302606304017396	1.1298196550555544
1.303691809270744	1.0560211705884732
1.3047773145240917	1.0182433749684197
1.3058628197774396	1.098191733141091
1.3069483250307874	1.028786015606574
1.3080338302841352	1.078863558637808
1.309119335537483	1.0674423646131406
1.3102048407908309	1.1350909753746317
1.3112903460441787	1.0797421120243207
1.3123758512975265	1.0858919857299107
1.3134613565508744	1.098191733141091
1.3145468618042222	1.139483742307196
1.31563236705757	1.1640832371295564
1.3167178723109179	1.1324553152150931
1.3178033775642657	1.1649617905160694
1.3188888828176135	1.1008273933006296
1.3199743880709613	1.1298196550555544
1.3210598933243092	1.1834114116328396
1.322145398577657	1.2326104012775605
1.3232309038310048	1.208889459841713
1.3243164090843527	1.2009824793630972
1.3254019143377005	1.1790186447002753
1.3264874195910483	1.1904398387249426
1.3275729248443962	1.2185535470933546
1.328658430097744	1.229096187731509
1.3297439353510918	1.1825328582463268
1.3308294406044396	1.2501814690078181
1.3319149458577875	1.194832605657507
1.3330004511111353	1.3169515263827964
1.3340859563644831	1.2545742359403824
1.335171461617831	1.2536956825538694
1.3362569668711788	1.2905949247874102
1.3373424721245266	1.2554527893268952
1.3384279773778744	1.2449101486887408
1.3395134826312223	1.2826879443087944
1.34059898788457	1.3714218363465944
1.341684493137918	1.325737060247925
1.3427699983912658	1.312558759450232
1.3438555036446136	1.271266750284127
1.3449410088979614	1.3635148558679786
1.3460265141513093	1.347700894910747
1.347112019404657	1.4109567387396738
1.348197524658005	1.3591220889354143
1.3492830299113527	1.3283727204074638
1.3503685351647006	1.3889929040768518
1.3514540404180484	1.3450652347512082
1.3525395456713962	1.465427048703472
1.353625050924744	1.4206208259913153
1.3547105561780919	1.4065639718071095
1.3557960614314397	1.4636699419304462
1.3568815666847875	1.4698198156360363
1.3579670719381354	1.458398621611369
1.3590525771914832	1.4478559809732143
1.360138082444831	1.3696647295735687
1.3612235876981789	1.465427048703472
1.3623090929515267	1.4276492530834184
1.3633945982048745	1.5146260383481926
1.3644801034582223	1.4408275538811115
1.3655656087115702	1.5111118248021413
1.366651113964918	1.5444968534896304
1.3677366192182658	1.4882694367528067
1.3688221244716137	1.5128689315751669
1.3699076297249615	1.464548495316959
1.3709931349783093	1.547132513649169
1.3720786402316572	1.5585537076738363
1.373164145485005	1.5497681738087077
1.3742496507383528	1.6086312507050702
1.3753351559917006	1.4935407570718837
1.3764206612450485	1.5444968534896304
1.3775061664983963	1.5919387363613255
1.3785916717517441	1.561189367833375
1.379677177005092	1.5928172897478383
1.3807626822584398	1.5743676686310681
1.3818481875117876	1.595452949907377
1.3829336927651354	1.6314736387544049
1.3840191980184833	1.700000802902409
1.385104703271831	1.6806726283991258
1.386190208525179	1.678036968239587
1.3872757137785268	1.6428948327790722
1.3883612190318746	1.6112669108646087
1.3894467242852224	1.6534374734172266
1.3905322295385703	1.7158147638596406
1.391617734791918	1.7456855790010783
1.392703240045266	1.6789155216261
1.3937887452986137	1.7052721232214862
1.3948742505519616	1.684186841945177
1.3959597558053094	1.6859439487182029
1.3970452610586572	1.7263574044977952
1.398130766312005	1.7114219969270763
1.3992162715653529	1.7729207339829773
1.4003017768187007	1.6534374734172266
1.4013872820720485	1.8414478981309814
1.4024727873253964	1.8001558889648763
1.4035582925787442	1.8054272092839536
1.404643797832092	1.8265124905602625
1.4057293030854399	1.8678044997263676
1.4068148083387877	1.788734694940209
1.4079003135921355	1.9644453722427837
1.4089858188454834	1.7913703550997477
1.4100713240988312	1.7737992873694903
1.411156829352179	1.8634117327938033
1.4122423346055268	1.8537476455421618
1.4133278398588747	1.830905257492827
1.4144133451122225	1.9029466351868825
1.4154988503655703	1.8563833057017003
1.4165843556189182	1.8335409176523656
1.417669860872266	1.9530241782181164
1.4187553661256138	2.017158575433556
1.4198408713789616	2.037365303323352
1.4209263766323095	1.941602984193449
1.4220118818856573	1.9521456248316034
1.4230973871390051	1.927546130009243
1.424182892392353	2.0066159347954016
1.4252683976457008	1.9987089543167857
1.4263539028990486	1.9908019738381697
1.4274394081523964	2.0004660610898113
1.4285249134057443	2.0285797694582235
1.429610418659092	2.0408795168694036
1.43069592391244	2.0689932252378154
1.4317814291657878	1.967959585788835
1.4328669344191356	2.051422157507558
1.4339524396724834	2.1032568073118174
1.4350379449258313	2.161241330821667
1.436123450179179	1.9723523527213995
1.437208955432527	2.045272283801968
1.4382944606858747	2.1313705156802296
1.4393799659392226	2.133127622453255
1.4404654711925704	2.0347296431638133
1.4415509764459182	2.1419131563183837
1.442636481699266	2.092714166673663
1.443721986952614	2.108528127630895
1.4448074922059617	2.1524557969565383
1.4458929974593095	2.1375203893858195
1.4469785027126574	2.202533339987772
1.4480640079660052	2.157727117275616
1.449149513219353	2.1498201367969996
1.4502350184727009	2.197262019668695
1.4513205237260487	2.2078046603068495
1.4524060289793965	2.16826975791377
1.4534915342327444	2.2350398152887485
1.4545770394860922	2.1515772435700256
1.45566254473944	2.2570036499515704
1.4567480499927878	2.2499752228594674
1.4578335552461357	2.3431018818298317
1.4589190604994835	2.2209829611045424
1.4600045657528313	2.2341612619022357
1.4610900710061792	2.1990191264417205
1.462175576259527	2.3185023870074715
1.4632610815128748	2.300052765890701
1.4643465867662226	2.278088931227879
1.4654320920195705	2.3176238336209587
1.4665175972729183	2.2473395626999286
1.4676031025262661	2.3940579782475786
1.468688607779614	2.417778919683426
1.4697741130329618	2.3580372894005506
1.4708596182863096	2.364187163106141
1.4719451235396575	2.341344775056806
1.4730306287930053	2.4133861527508618
1.474116134046353	2.3457375419893705
1.475201639299701	2.405479172272246
1.4762871445530488	2.349251755535422
1.4773726498063966	2.472249229647224
1.4784581550597444	2.3018098726637266
1.4795436603130923	2.465220802555121
1.48062916556644	2.3949365316340914
1.481714670819788	2.5029985981751746
1.4828001760731357	2.4098719392048102
1.4838856813264836	2.536383626862664
1.4849711865798314	2.4292001137080934
1.4860566918331792	2.405479172272246
1.487142197086527	2.452042501757428
1.488227702339875	2.5258409862245093
1.4893132075932227	2.560983121685024
1.4903987128465706	2.5961252571455393
1.4914842180999184	2.4713706762607113
1.4925697233532662	2.5530761412064082
1.493655228606614	2.5152983455863547
1.4947407338599619	2.5662544420041016
1.4958262391133097	2.488941743990969
1.4969117443666575	2.591732490212975
1.4979972496200054	2.5442906073412797
1.4990827548733532	2.5258409862245093
1.500168260126701	2.5047557049482005
1.5012537653800488	2.4678564627146597
1.5023392706333967	2.5811898495748204
1.5034247758867445	2.6207247519678996
1.5045102811400923	2.6145748782623097
1.5055957863934402	2.57503997586923
1.506681291646788	2.652352673882363
1.5077667969001358	2.6005180240781036
1.5088523021534836	2.5961252571455393
1.5099378074068315	2.66377386790703
1.5110233126601793	2.7437222260797016
1.5121088179135271	2.658502547587953
1.513194323166875	2.717365624484316
1.5142798284202228	2.6286317324465154
1.5153653336735706	2.652352673882363
1.5164508389269185	2.7112157507787256
1.5175363441802663	2.7243940515764185
1.5186218494336141	2.5583474615254858
1.519707354686962	2.700673110140571
1.5207928599403098	2.6479599069497985
1.5218783651936576	2.6716808483856465
1.5229638704470054	2.652352673882363
1.5240493757003533	2.7331795854415475
1.525134880953701	2.6980374499810322
1.526220386207049	2.741965119306676
1.5273058914603967	2.629510285833028
1.5283913967137446	2.6901304695024164
1.5294769019670924	2.665530974680056
1.5305624072204402	2.7033087703001097
1.531647912473788	2.78589278863232
1.532733417727136	2.8025853029760643
1.5338189229804837	2.781500021699755
1.5349044282338316	2.6971588965945195
1.5359899334871794	2.754264866717856
1.5370754387405272	2.762171847196472
1.538160943993875	2.6708022949991332
1.5392464492472229	2.8087351766816546
1.5403319545005707	2.7525077599448307
1.5414174597539185	2.8500271858477593
1.5425029650072664	2.6910090228889296
1.5435884702606142	2.8122493902277057
1.544673975513962	2.717365624484316
1.5457594807673098	2.8025853029760643
1.5468449860206577	2.763928953969498
1.5479304912740055	2.6769521687047235
1.5490159965273533	2.737572352374112
1.5501015017807012	2.7243940515764185
1.551187007034049	2.686616255956365
1.5522725122873968	2.748993546398779
1.5533580175407447	2.7779858081537037
1.5544435227940925	2.680466382250775
1.5555290280474403	2.8069780699086286
1.5566145333007881	2.6549883340419016
1.557700038554136	2.7744715946076526
1.5587855438074838	2.6971588965945195
1.5598710490608316	2.7823785750862684
1.5609565543141795	2.8148850503872445
1.5620420595675273	2.751629206558318
1.5631275648208751	2.7744715946076526
1.564213070074223	2.6400529264711827
1.5652985753275708	2.6901304695024164
1.5663840805809186	2.7735930412211394
1.5674695858342664	2.777107254767191
1.5685550910876143	2.71560851771129
1.569640596340962	2.7112157507787256
1.57072610159431	2.729665371895496
1.5718116068476577	2.777107254767191
1.5728971121010056	2.7595361870369337
1.5739826173543534	2.6743165085451848
1.5750681226077012	2.702430216913597
1.576153627861049	2.699794556754058
1.577239133114397	2.742843672693189
1.5783246383677447	2.7902855555648842
1.5794101436210926	2.710337197392213
1.5804956488744404	2.6303888392195414
1.5815811541277882	2.686616255956365
1.582666659381136	2.6435671400172343
1.5837521646344839	2.686616255956365
1.5848376698878317	2.638295819698157
1.5859231751411795	2.62687462567349
1.5870086803945274	2.6207247519678996
1.5880941856478752	2.668166634839595
1.589179690901223	2.6751950619316975
1.5902651961545708	2.65147412049585
1.5913507014079187	2.609303557943232
1.5924362066612665	2.6207247519678996
1.5935217119146143	2.590853936826462
1.5946072171679622	2.6330244993790797
1.59569272242131	2.6066678977836935
1.5967782276746578	2.5469262675008184
1.5978637329280057	2.619846198581387
1.5989492381813535	2.521448219291945
1.6000347434347013	2.654109780655389
1.6011202486880491	2.5873397232804103
1.602205753941397	2.5109055786537904
1.6032912591947448	2.526719539611022
1.6043767644480926	2.502120044788662
1.6054622697014405	2.565375888617589
1.6065477749547883	2.4950916176965587
1.6076332802081361	2.4019649587261944
1.608718785461484	2.4836704236718914
1.6098042907148318	2.4678564627146597
1.6108897959681796	2.430078667094606
1.6119753012215274	2.5056342583347133
1.6130608064748753	2.4274430069350674
1.614146311728223	2.4212931332294776
1.615231816981571	2.320259493780497
1.6163173222349188	2.332559241191677
1.6174028274882666	2.362430056333115
1.6184883327416144	2.3870295511554755
1.6195738379949622	2.3993292985666557
1.62065934324831	2.3439804352163445
1.621744848501658	2.3527659690814735
1.6228303537550057	2.3167452802344455
1.6239158590083536	2.2956599989581368
1.6250013642617014	2.264032077043673
1.6260868695150492	2.2051690001473108
1.627172374768397	2.245582455926903
1.628257880021745	2.300931319277214
1.629343385275093	2.212197427239414
1.6304288905284408	2.1937478061226434
1.6315143957817886	2.1375203893858195
1.6325999010351364	2.2288899415831582
1.6336854062884842	2.1076495742443817
1.634770911541832	2.1076495742443817
1.63585641679518	2.1463059232509485
1.6369419220485277	2.1111637877904332
1.6380274273018756	2.0883213997410985
1.6391129325552234	2.1050139140848434
1.6401984378085712	2.0584505845996612
1.641283943061919	2.051422157507558
1.6423694483152669	2.018037128820069
1.6434549535686147	1.9767451196539638
1.6445404588219625	1.9644453722427837
1.6456259640753104	1.9152463825980628
1.6467114693286582	1.9451171977395003
1.647796974582006	1.9108536156654983
1.6488824798353539	1.8836184606835993
1.6499679850887017	1.913489275825037
1.6510534903420495	1.84408355829052
1.6521389955953973	1.873075820045445
1.6532245008487452	1.8669259463398546
1.654310006102093	1.8115770829895437
1.6553955113554408	1.7852204813941577
1.6564810166087887	1.795763122032312
1.6575665218621365	1.7606209865717972
1.6586520271154843	1.7052721232214862
1.6597375323688321	1.7395357052954883
1.66082303762218	1.6982436961293832
1.6619085428755278	1.7070292299945118
1.6629940481288756	1.7008793562889217
1.6640795533822235	1.594574396520864
1.6651650586355713	1.6147811244106602
1.6662505638889191	1.588424522815274
1.667336069142267	1.5506467271952205
1.6684215743956148	1.5436183001031176
1.6695070796489626	1.5629464746064008
1.6705925849023104	1.520775912053783
1.6716780901556583	1.5093547180291156
1.672763595409006	1.4557629614518304
1.673849100662354	1.4452203208136758
1.6749346059157018	1.416228059058751
1.6760201111690496	1.4250135929238796
1.6771056164223974	1.3441866813646954
1.6781911216757452	1.430284913242957
1.679276626929093	1.3617577490949528
1.680362132182441	1.325737060247925
1.6814476374357887	1.3072874391311549
1.6825331426891366	1.2782951773762299
1.6836186479424844	1.236124614823612
1.6847041531958322	1.215917886933816
1.68578965844918	1.215917886933816
1.6868751637025279	1.2071323530686873
1.6879606689558757	1.1965897124305327
1.6890461742092235	1.2115251200012516
1.6901316794625714	1.1386051889206832
1.6912171847159192	1.1201555678039128
1.692302689969267	1.1860470717923783
1.6933881952226149	1.0946775195950396
1.6944737004759627	1.077985005251295
1.6955592057293105	1.0762278984782692
1.6966447109826583	1.0656852578401148
1.6977302162360062	1.0577782773614988
1.698815721489354	0.9769513658023146
1.6999012267427018	0.9778299191888274
1.7009867319960497	0.9400521235687739
1.7020722372493975	0.9444448905013383
1.7031577425027453	0.9224810558385165
1.7042432477560931	0.9611374048450828
1.705328753009441	0.9093027550408234
1.7064142582627888	0.8987601144026689
1.7074997635161366	0.863617978942154
1.7085852687694845	0.8530753383039995
1.7096707740228323	0.8170546494569717
1.7107562792761801	0.8100262223648688
1.711841784529528	0.7731269801313281
1.7129272897828758	0.794212261407637
1.7140127950362236	0.7494060386954805
1.7150983002895714	0.7441347183764033
1.7161838055429193	0.7432561649898904
1.717269310796267	0.684393088093528
1.718354816049615	0.670336233909322
1.7194403213029628	0.6756075542283992
1.7205258265563106	0.6712147872958348
1.7216113318096584	0.6466152924734744
1.7226968370630062	0.6228943510376268
1.723782342316354	0.5903878757366505
1.724867847569702	0.5921449825096763
1.7259533528230497	0.5982948562152663
1.7270388580763976	0.5517315267300841
1.7281243633297454	0.6141088171724981
1.7292098685830932	0.5148322844965435
1.730295373836441	0.5174679446560821
1.7313808790897889	0.5104395175639791
1.7324663843431367	0.5385532259323911
1.7335518895964845	0.4436694601890008
1.7346373948498324	0.47529738210346417
1.7357229001031802	0.4392766932564364
1.736808405356528	0.41643430520710173
1.7378939106098759	0.41643430520710173
1.7389794158632237	0.45333354744064236
1.7400649211165715	0.35581412153771347
1.7411504263699193	0.3672353155623808
1.7422359316232672	0.4436694601890008
1.743321436876615	0.40940587811499873
1.7444069421299628	0.3303360733288402
1.7454924473833107	0.32594330639627583
1.7465779526366585	0.31100789882555696
1.7476634578900063	0.2916797243222738
1.7487489631433542	0.32418619962325007
1.749834468396702	0.28025853029760645
1.7509199736500498	0.3066151318929926
1.7520054789033976	0.2995867048008896
1.7530909841567455	0.28289419045714503
1.7541764894100933	0.25829469563478463
1.7552619946634411	0.25126626854268164
1.756347499916789	0.24687350161011726
1.7574330051701368	0.23808796774498853
1.7585185104234846	0.2293024338798598
1.7596040156768324	0.20821715260355086
1.7606895209301803	0.22754532710683406
1.761775026183528	0.20118872551144787
1.762860531436876	0.20733859921703798
1.7639460366902238	0.20206727889796075
1.7650315419435716	0.151989735866727
1.7661170471969194	0.1616538231183686
1.7672025524502672	0.18186055100816467
1.768288057703615	0.151989735866727
1.769373562956963	0.17043935698349733
1.7704590682103107	0.15111118248021413
1.7715445734636586	0.1423256486150854
1.7726300787170064	0.14408275538811113
1.7737155839703542	0.1388114350690339
1.774801089223702	0.12826879443087943
1.7758865944770499	0.13441866813646955
1.7769720997303977	0.11509049363318634
1.7780576049837455	0.11509049363318634
1.7791431102370934	0.13441866813646955
1.7802286154904412	0.09927653267595463
1.781314120743789	0.09136955219733878
1.7823996259971369	0.09927653267595463
1.7834851312504847	0.0940052123568774
1.7845706365038325	0.10103363944898038
1.7856561417571803	0.08346257171872291
1.7867416470105282	0.07906980478615855
1.787827152263876	0.07994835817267143
1.7889126575172238	0.07819125139964568
1.7899981627705717	0.08609823187826153
1.7910836680239195	0.0711628243075427
1.7921691732772673	0.07731269801313281
1.7932546785306152	0.0904909988108259
1.794340183783963	0.061498737055901094
1.7954256890373108	0.06589150398846547
1.7965111942906586	0.06237729044241397
1.7975966995440065	0.06589150398846547
1.7986822047973543	0.050077543031233754
1.7997677100507021	0.04392766932564364
1.80085321530405	0.05534886335031099
1.8019387205573978	0.04568477609866939
1.8030242258107456	0.04392766932564364
1.8041097310640934	0.053591756577285245
1.8051952363174413	0.04129200916610502
1.806280741570789	0.03689924223354066
1.807366246824137	0.04041345577959215
1.8084517520774848	0.04041345577959215
1.8095372573308326	0.04041345577959215
1.8106227625841804	0.03689924223354066
1.8117082678375283	0.027235154981899056
1.812793773090876	0.029870815141437676
1.813879278344224	0.027235154981899056
1.8149647835975717	0.035142135460514916
1.8160502888509196	0.035142135460514916
1.8171357941042674	0.022842388049334694
1.8182212993576152	0.027235154981899056
1.819306804610963	0.029870815141437676
1.8203923098643109	0.031627921914463425
1.8214778151176587	0.02811370836841193
1.8225633203710065	0.014935407570718838
1.8236488256243544	0.02811370836841193
1.8247343308777022	0.017571067730257458
1.82581983613105	0.020206727889796074
1.8269053413843979	0.01844962111677033
1.8279908466377457	0.014935407570718838
1.8290763518910935	0.015813960957231712
1.8301618571444414	0.011421194024667347
1.8312473623977892	0.020206727889796074
1.832332867651137	0.01844962111677033
1.8334183729044848	0.014935407570718838
1.8345038781578327	0.017571067730257458
1.8355893834111805	0.009664087251641602
1.8366748886645283	0.017571067730257458
1.8377603939178762	0.007906980478615856
1.838845899171224	0.01229974741118022
1.8399314044245718	0.016692514343744583
1.8410169096779196	0.013178300797693093
1.8421024149312675	0.007028427092102983
1.8431879201846153	0.010542640638154474
1.8442734254379631	0.02108528127630895
1.845358930691311	0.005271320319077237
1.8464444359446588	0.01229974741118022
1.8475299411980066	0.016692514343744583
1.8486154464513544	0.007028427092102983
1.8497009517047023	0.01229974741118022
1.85078645695805	0.009664087251641602
1.851871962211398	0.007906980478615856
1.8529574674647458	0.00614987370559011
1.8540429727180936	0.007906980478615856
1.8551284779714414	0.008785533865128729
1.8562139832247893	0.007906980478615856
1.857299488478137	0.0043927669325643645
1.858384993731485	0.011421194024667347
1.8594704989848327	0.00614987370559011
1.8605560042381806	0.0008785533865128728
1.8616415094915284	0.010542640638154474
1.8627270147448762	0.0035142135460514913
1.863812519998224	0.0043927669325643645
1.864898025251572	0.005271320319077237
1.8659835305049197	0.0026356601595386186
1.8670690357582675	0.007028427092102983
1.8681545410116154	0.0035142135460514913
1.8692400462649632	0.005271320319077237
1.870325551518311	0.00614987370559011
1.8714110567716589	0.005271320319077237
1.8724965620250067	0.0017571067730257457
1.8735820672783545	0.005271320319077237
1.8746675725317024	0.0026356601595386186
1.8757530777850502	0.005271320319077237
1.876838583038398	0.0035142135460514913
1.8779240882917458	0.0035142135460514913
1.8790095935450937	0.0043927669325643645
1.8800950987984415	0.0017571067730257457
1.8811806040517893	0.0043927669325643645
1.8822661093051372	0.0
1.883351614558485	0.0043927669325643645
1.8844371198118328	0.00614987370559011
1.8855226250651806	0.0008785533865128728
1.8866081303185285	0.0
1.8876936355718763	0.0017571067730257457
1.8887791408252241	0.0035142135460514913
1.889864646078572	0.0043927669325643645
1.8909501513319198	0.0017571067730257457
1.8920356565852676	0.0043927669325643645
1.8931211618386155	0.0008785533865128728
1.8942066670919633	0.0008785533865128728
1.895292172345311	0.0035142135460514913
1.896377677598659	0.0017571067730257457
1.8974631828520068	0.0008785533865128728
1.8985486881053546	0.0035142135460514913
1.8996341933587024	0.0043927669325643645
1.9007196986120503	0.0008785533865128728
1.901805203865398	0.0008785533865128728
1.902890709118746	0.0008785533865128728
1.9039762143720937	0.0017571067730257457
1.9050617196254416	0.0017571067730257457
1.9061472248787894	0.0017571067730257457
1.9072327301321372	0.0
1.908318235385485	0.0
1.909403740638833	0.0026356601595386186
1.9104892458921807	0.0008785533865128728
1.9115747511455286	0.0008785533865128728
1.9126602563988764	0.0008785533865128728
1.9137457616522242	0.0
1.914831266905572	0.0
1.9159167721589199	0.0017571067730257457
1.9170022774122677	0.0026356601595386186
1.9180877826656155	0.0017571067730257457
1.9191732879189634	0.0
1.9202587931723112	0.0008785533865128728
1.921344298425659	0.0008785533865128728
1.9224298036790068	0.0
1.9235153089323547	0.0008785533865128728
1.9246008141857025	0.0
1.9256863194390503	0.0
1.9267718246923982	0.0008785533865128728
1.927857329945746	0.0008785533865128728
1.9289428351990938	0.0017571067730257457
1.9300283404524416	0.0
1.9311138457057895	0.0
1.9321993509591373	0.0026356601595386186
1.9332848562124851	0.0
1.934370361465833	0.0
1.9354558667191808	0.0
1.9365413719725286	0.0008785533865128728
1.9376268772258765	0.0
1.9387123824792243	0.0
1.9397978877325721	0.0
1.94088339298592	0.0017571067730257457
1.9419688982392678	0.0008785533865128728
1.9430544034926156	0.0008785533865128728
1.9441399087459634	0.0
1.9452254139993113	0.0
1.946310919252659	0.0
1.947396424506007	0.0008785533865128728
1.9484819297593547	0.0
1.9495674350127026	0.0008785533865128728
1.9506529402660504	0.0
1.9517384455193982	0.0
1.952823950772746	0.0
1.953909456026094	0.0
1.9549949612794417	0.0008785533865128728
1.9560804665327896	0.0008785533865128728
1.9571659717861374	0.0
1.9582514770394852	0.0008785533865128728
1.959336982292833	0.0
1.9604224875461809	0.0
1.9615079927995287	0.0008785533865128728
1.9625934980528765	0.0017571067730257457
1.9636790033062244	0.0
1.9647645085595722	0.0
1.96585001381292	0.0
1.9669355190662678	0.0
1.9680210243196157	0.0008785533865128728
1.9691065295729635	0.0
1.9701920348263113	0.0
1.9712775400796592	0.0
1.972363045333007	0.0
1.9734485505863548	0.0
1.9745340558397027	0.0
1.9756195610930505	0.0
1.9767050663463983	0.0
1.9777905715997461	0.0
1.978876076853094	0.0
1.9799615821064418	0.0
1.9810470873597896	0.0
1.9821325926131375	0.0
1.9832180978664853	0.0
1.9843036031198331	0.0
1.985389108373181	0.0
1.9864746136265288	0.0
1.9875601188798766	0.0
1.9886456241332244	0.0
1.9897311293865725	0.0
1.9908166346399203	0.0
1.9919021398932681	0.0
1.992987645146616	0.0
1.9940731503999638	0.0
1.9951586556533116	0.0008785533865128728
1.9962441609066595	0.0
1.9973296661600073	0.0
1.9984151714133551	0.0
1.999500676666703	0.0
2.0005861819200508	0.0
2.0016716871733986	0.0
2.0027571924267464	0.0
2.0038426976800943	0.0
2.004928202933442	0.0
2.00601370818679	0.0008785533865128728
2.0070992134401378	0.0
2.0081847186934856	0.0
2.0092702239468334	0.0
2.0103557292001812	0.0
2.011441234453529	0.0
2.012526739706877	0.0
2.0136122449602247	0.0
2.0146977502135726	0.0
2.0157832554669204	0.0
2.016868760720268	0.0
2.017954265973616	0.0
2.019039771226964	0.0
2.0201252764803117	0.0
2.0212107817336595	0.0
2.0222962869870074	0.0
2.023381792240355	0.0
2.024467297493703	0.0
2.025552802747051	0.0
2.0266383080003987	0.0
2.0277238132537465	0.0
2.0288093185070943	0.0
2.029894823760442	0.0
2.03098032901379	0.0
2.032065834267138	0.0
2.0331513395204857	0.0
2.0342368447738335	0.0
2.0353223500271813	0.0
2.036407855280529	0.0
2.037493360533877	0.0
2.038578865787225	0.0
2.0396643710405726	0.0
2.0407498762939205	0.0
2.0418353815472683	0.0
2.042920886800616	0.0
2.044006392053964	0.0
2.045091897307312	0.0
2.0461774025606596	0.0
2.0472629078140074	0.0
2.0483484130673553	0.0
2.049433918320703	0.0
2.050519423574051	0.0
2.0516049288273988	0.0
2.0526904340807466	0.0
2.0537759393340944	0.0
2.0548614445874422	0.0
2.05594694984079	0.0
2.057032455094138	0.0
2.0581179603474857	0.0
2.0592034656008336	0.0
2.0602889708541814	0.0
2.061374476107529	0.0
2.062459981360877	0.0
2.063545486614225	0.0
2.0646309918675727	0.0
2.0657164971209205	0.0
2.0668020023742684	0.0
2.067887507627616	0.0
2.068973012880964	0.0
2.070058518134312	0.0
2.0711440233876597	0.0
2.0722295286410075	0.0
2.0733150338943553	0.0
2.074400539147703	0.0
2.075486044401051	0.0
2.076571549654399	0.0
2.0776570549077467	0.0
2.0787425601610945	0.0
2.0798280654144423	0.0
2.08091357066779	0.0
2.081999075921138	0.0
2.083084581174486	0.0
2.0841700864278336	0.0
2.0852555916811815	0.0
2.0863410969345293	0.0
2.087426602187877	0.0
2.088512107441225	0.0
2.089597612694573	0.0
2.0906831179479206	0.0
2.0917686232012684	0.0
2.0928541284546163	0.0
2.093939633707964	0.0
2.095025138961312	0.0
2.0961106442146598	0.0
2.0971961494680076	0.0
2.0982816547213554	0.0
2.0993671599747032	0.0
2.100452665228051	0.0
2.101538170481399	0.0
2.1026236757347467	0.0
2.1037091809880946	0.0
2.1047946862414424	0.0
2.10588019149479	0.0
2.106965696748138	0.0
2.108051202001486	0.0
2.1091367072548337	0.0
2.1102222125081815	0.0
2.1113077177615294	0.0
2.112393223014877	0.0
2.113478728268225	0.0
2.114564233521573	0.0
2.1156497387749207	0.0
2.1167352440282685	0.0
2.1178207492816163	0.0
2.118906254534964	0.0
2.119991759788312	0.0
2.12107726504166	0.0
2.1221627702950077	0.0
2.1232482755483555	0.0
2.1243337808017033	0.0
2.125419286055051	0.0
2.126504791308399	0.0
2.127590296561747	0.0
2.1286758018150946	0.0
2.1297613070684425	0.0
2.1308468123217903	0.0
2.131932317575138	0.0
2.133017822828486	0.0
2.134103328081834	0.0
2.1351888333351816	0.0
2.1362743385885294	0.0
2.1373598438418773	0.0
2.138445349095225	0.0
2.139530854348573	0.0
2.1406163596019208	0.0
2.1417018648552686	0.0
2.1427873701086164	0.0
2.1438728753619642	0.0
2.144958380615312	0.0
2.14604388586866	0.0
2.1471293911220077	0.0
2.1482148963753556	0.0
2.1493004016287034	0.0
2.1503859068820512	0.0
2.151471412135399	0.0
2.152556917388747	0.0
2.1536424226420947	0.0
2.1547279278954425	0.0
2.1558134331487904	0.0
2.156898938402138	0.0
2.157984443655486	0.0
2.159069948908834	0.0
2.1601554541621817	0.0
2.1612409594155295	0.0
2.1623264646688773	0.0
2.163411969922225	0.0
2.164497475175573	0.0
2.165582980428921	0.0
2.1666684856822687	0.0
2.1677539909356165	0.0
2.1688394961889643	0.0
