0.0	0.0
0.0011558714259383976	0.0
0.002311742851876795	0.0
0.003467614277815193	0.0
0.00462348570375359	0.0
0.005779357129691989	0.0
0.006935228555630386	0.0
0.008091099981568784	0.0
0.00924697140750718	0.0
0.010402842833445579	0.0
0.011558714259383977	0.0
0.012714585685322374	0.0
0.013870457111260772	0.0
0.015026328537199169	0.0
0.016182199963137568	0.0
0.017338071389075966	0.0
0.01849394281501436	0.0
0.01964981424095276	0.0
0.020805685666891158	0.0
0.021961557092829556	0.0
0.023117428518767955	0.0
0.02427329994470635	0.0
0.025429171370644748	0.0
0.026585042796583146	0.0
0.027740914222521545	0.0
0.02889678564845994	0.0
0.030052657074398338	0.0
0.031208528500336737	0.0
0.032364399926275135	0.0
0.03352027135221353	0.0
0.03467614277815193	0.0
0.03583201420409033	0.0
0.03698788563002872	0.0
0.03814375705596712	0.0
0.03929962848190552	0.0
0.04045549990784392	0.0
0.041611371333782315	0.0
0.042767242759720714	0.0
0.04392311418565911	0.0
0.04507898561159751	0.0
0.04623485703753591	0.0
0.0473907284634743	0.0
0.0485465998894127	0.0
0.0497024713153511	0.0
0.050858342741289496	0.0
0.052014214167227894	0.0
0.05317008559316629	0.0
0.05432595701910469	0.0
0.05548182844504309	0.0
0.05663769987098149	0.0
0.05779357129691988	0.0
0.05894944272285828	0.0
0.060105314148796676	0.0
0.061261185574735075	0.0
0.06241705700067347	0.0
0.06357292842661187	0.0
0.06472879985255027	0.0
0.06588467127848867	0.0
0.06704054270442707	0.0
0.06819641413036547	0.0
0.06935228555630386	0.0
0.07050815698224226	0.0
0.07166402840818066	0.0
0.07281989983411906	0.0
0.07397577126005744	0.0
0.07513164268599584	0.0
0.07628751411193424	0.0
0.07744338553787264	0.0
0.07859925696381104	0.0
0.07975512838974944	0.0
0.08091099981568783	0.0
0.08206687124162623	0.0
0.08322274266756463	0.0
0.08437861409350303	0.0
0.08553448551944143	0.0
0.08669035694537983	0.0
0.08784622837131822	0.0
0.08900209979725662	0.0
0.09015797122319502	0.0
0.09131384264913342	0.0
0.09246971407507182	0.0
0.09362558550101022	0.0
0.0947814569269486	0.0
0.095937328352887	0.0
0.0970931997788254	0.0
0.0982490712047638	0.0
0.0994049426307022	0.0
0.1005608140566406	0.0
0.10171668548257899	0.0
0.10287255690851739	0.0
0.10402842833445579	0.0
0.10518429976039419	0.0
0.10634017118633259	0.0
0.10749604261227098	0.0
0.10865191403820938	0.0
0.10980778546414778	0.0
0.11096365689008618	0.0
0.11211952831602458	0.0
0.11327539974196298	0.0
0.11443127116790137	0.0
0.11558714259383976	0.0
0.11674301401977816	0.0
0.11789888544571656	0.0
0.11905475687165495	0.0
0.12021062829759335	0.0
0.12136649972353175	0.0
0.12252237114947015	0.0
0.12367824257540855	0.0
0.12483411400134695	0.0
0.12598998542728534	0.0
0.12714585685322374	0.0
0.12830172827916214	0.0
0.12945759970510054	0.0
0.13061347113103894	0.0
0.13176934255697734	0.0
0.13292521398291574	0.0
0.13408108540885413	0.0
0.13523695683479253	0.0
0.13639282826073093	0.0
0.13754869968666933	0.0
0.13870457111260773	0.0
0.13986044253854613	0.0
0.14101631396448452	0.0
0.14217218539042292	0.0
0.14332805681636132	0.0
0.14448392824229972	0.0
0.14563979966823812	0.0
0.1467956710941765	0.0
0.1479515425201149	0.0
0.14910741394605329	0.0
0.15026328537199168	0.0
0.15141915679793008	0.0
0.15257502822386848	0.0
0.15373089964980688	0.0
0.15488677107574528	0.0
0.15604264250168368	0.0
0.15719851392762207	0.0
0.15835438535356047	0.0
0.15951025677949887	0.0
0.16066612820543727	0.0
0.16182199963137567	0.0
0.16297787105731407	0.0
0.16413374248325246	0.0
0.16528961390919086	0.0
0.16644548533512926	0.0
0.16760135676106766	0.0
0.16875722818700606	0.0
0.16991309961294446	0.0
0.17106897103888286	0.0
0.17222484246482125	0.0
0.17338071389075965	0.0
0.17453658531669805	0.0
0.17569245674263645	0.0
0.17684832816857485	0.0
0.17800419959451325	0.0
0.17916007102045164	0.0
0.18031594244639004	0.0
0.18147181387232844	0.0
0.18262768529826684	0.0
0.18378355672420524	0.0
0.18493942815014364	0.0
0.18609529957608203	0.0
0.18725117100202043	0.0
0.1884070424279588	0.0
0.1895629138538972	0.0
0.1907187852798356	0.0
0.191874656705774	0.0
0.1930305281317124	0.0
0.1941863995576508	0.0
0.1953422709835892	0.0
0.1964981424095276	0.0
0.197654013835466	0.0
0.1988098852614044	0.0
0.1999657566873428	0.0
0.2011216281132812	0.0
0.20227749953921959	0.0
0.20343337096515798	0.0
0.20458924239109638	0.0
0.20574511381703478	0.0
0.20690098524297318	0.0
0.20805685666891158	0.0
0.20921272809484998	0.0
0.21036859952078837	0.0
0.21152447094672677	0.0
0.21268034237266517	0.0
0.21383621379860357	0.0
0.21499208522454197	0.0
0.21614795665048037	0.0
0.21730382807641876	0.0
0.21845969950235716	0.0
0.21961557092829556	0.0
0.22077144235423396	0.0
0.22192731378017236	0.0
0.22308318520611076	0.0
0.22423905663204916	0.0
0.22539492805798755	0.0
0.22655079948392595	0.0
0.22770667090986435	0.0
0.22886254233580275	0.0
0.23001841376174112	0.0
0.23117428518767952	0.0
0.23233015661361792	0.0
0.23348602803955631	0.0
0.2346418994654947	0.0
0.2357977708914331	0.0
0.2369536423173715	0.0
0.2381095137433099	0.0
0.2392653851692483	0.0
0.2404212565951867	0.0
0.2415771280211251	0.0
0.2427329994470635	0.0
0.2438888708730019	0.0
0.2450447422989403	0.0
0.2462006137248787	0.0
0.2473564851508171	0.0
0.2485123565767555	0.0
0.2496682280026939	0.0
0.25082409942863226	0.0
0.2519799708545707	0.0
0.25313584228050906	0.0
0.2542917137064475	0.0
0.25544758513238586	0.0
0.2566034565583243	0.0
0.25775932798426265	0.0
0.2589151994102011	0.0
0.26007107083613945	0.0
0.2612269422620779	0.0
0.26238281368801625	0.0
0.2635386851139547	0.0
0.26469455653989304	0.0
0.26585042796583147	0.0
0.26700629939176984	0.0
0.26816217081770827	0.0
0.26931804224364664	0.0
0.27047391366958506	0.0
0.27162978509552343	0.0
0.27278565652146186	0.0
0.27394152794740023	0.0
0.27509739937333866	0.0
0.27625327079927703	0.0
0.27740914222521545	0.0
0.2785650136511538	0.0
0.27972088507709225	0.0
0.2808767565030306	0.0
0.28203262792896905	0.0
0.2831884993549074	0.0
0.28434437078084585	0.0
0.2855002422067842	0.0
0.28665611363272264	0.0
0.287811985058661	0.0
0.28896785648459944	0.0
0.2901237279105378	0.0
0.29127959933647624	0.0
0.2924354707624146	0.0
0.293591342188353	0.0
0.2947472136142914	0.0
0.2959030850402298	0.0
0.2970589564661682	0.0
0.29821482789210657	0.0
0.299370699318045	0.0
0.30052657074398337	0.0
0.3016824421699218	0.0
0.30283831359586016	0.0
0.3039941850217986	0.0
0.30515005644773696	0.0
0.3063059278736754	0.0
0.30746179929961376	0.0
0.3086176707255522	0.0
0.30977354215149056	0.0
0.310929413577429	0.0
0.31208528500336735	0.0
0.3132411564293058	0.0
0.31439702785524415	0.0
0.3155528992811826	0.0
0.31670877070712095	0.0
0.31786464213305937	0.0
0.31902051355899774	0.0
0.32017638498493617	0.0
0.32133225641087454	0.0
0.32248812783681297	0.0
0.32364399926275134	0.0
0.32479987068868976	0.0
0.32595574211462813	0.0
0.32711161354056656	0.0
0.32826748496650493	0.0
0.32942335639244336	0.0
0.3305792278183817	0.0
0.33173509924432015	0.0
0.3328909706702585	0.0
0.3340468420961969	0.0
0.3352027135221353	0.0
0.3363585849480737	0.0
0.3375144563740121	0.0
0.3386703277999505	0.0
0.3398261992258889	0.0
0.3409820706518273	0.0
0.3421379420777657	0.0
0.3432938135037041	0.0
0.3444496849296425	0.0
0.3456055563555809	0.0
0.3467614277815193	0.0
0.3479172992074577	0.0
0.3490731706333961	0.0
0.35022904205933447	0.0
0.3513849134852729	0.0
0.35254078491121127	0.0
0.3536966563371497	0.0
0.35485252776308807	0.0
0.3560083991890265	0.0
0.35716427061496486	0.0
0.3583201420409033	0.0
0.35947601346684166	0.0
0.3606318848927801	0.0
0.36178775631871846	0.0
0.3629436277446569	0.0
0.36409949917059525	0.0
0.3652553705965337	0.0
0.36641124202247205	0.0
0.3675671134484105	0.0
0.36872298487434885	0.0
0.3698788563002873	0.0
0.37103472772622564	0.0
0.37219059915216407	0.0
0.37334647057810244	0.0
0.37450234200404087	0.0
0.37565821342997924	0.0
0.3768140848559176	0.0
0.37796995628185603	0.0
0.3791258277077944	0.0
0.38028169913373283	0.0
0.3814375705596712	0.0
0.38259344198560963	0.0
0.383749313411548	0.0
0.3849051848374864	0.0
0.3860610562634248	0.0
0.3872169276893632	0.0
0.3883727991153016	0.0
0.38952867054124	0.0
0.3906845419671784	0.0
0.3918404133931168	0.0
0.3929962848190552	0.0
0.3941521562449936	0.0
0.395308027670932	0.0
0.3964638990968704	0.0
0.3976197705228088	0.0
0.3987756419487472	0.0
0.3999315133746856	0.0
0.401087384800624	0.0
0.4022432562265624	0.0
0.4033991276525008	0.0
0.40455499907843917	0.0
0.4057108705043776	0.0
0.40686674193031597	0.0
0.4080226133562544	0.0
0.40917848478219276	0.0
0.4103343562081312	0.0
0.41149022763406956	0.0
0.412646099060008	0.0
0.41380197048594636	0.0
0.4149578419118848	0.0
0.41611371333782315	0.0
0.4172695847637615	0.0
0.41842545618969995	0.0
0.4195813276156383	0.0
0.42073719904157675	0.0
0.4218930704675151	0.0
0.42304894189345355	0.0
0.4242048133193919	0.0
0.42536068474533034	0.0
0.4265165561712687	0.0
0.42767242759720714	0.0
0.4288282990231455	0.0
0.42998417044908394	0.0
0.4311400418750223	0.0
0.43229591330096073	0.0
0.4334517847268991	0.0
0.43460765615283753	0.0
0.4357635275787759	0.0
0.4369193990047143	0.0
0.4380752704306527	0.0
0.4392311418565911	0.0
0.4403870132825295	0.0
0.4415428847084679	0.0
0.4426987561344063	0.0
0.4438546275603447	0.0
0.4450104989862831	0.0
0.4461663704122215	0.0
0.4473222418381599	0.0
0.4484781132640983	0.0
0.4496339846900367	0.0
0.4507898561159751	0.0
0.4519457275419135	0.0
0.4531015989678519	0.0
0.4542574703937903	0.0
0.4554133418197287	0.0
0.45656921324566707	0.0
0.4577250846716055	0.0
0.45888095609754387	0.0
0.46003682752348224	0.0
0.46119269894942067	0.0
0.46234857037535904	0.0
0.46350444180129746	0.0
0.46466031322723583	0.0
0.46581618465317426	0.0
0.46697205607911263	0.0
0.46812792750505106	0.0
0.4692837989309894	0.0
0.47043967035692785	0.0
0.4715955417828662	0.0
0.47275141320880465	0.0
0.473907284634743	0.0
0.47506315606068145	0.0
0.4762190274866198	0.0
0.47737489891255824	0.0
0.4785307703384966	0.0
0.47968664176443504	0.0
0.4808425131903734	0.0
0.48199838461631184	0.0
0.4831542560422502	0.0
0.48431012746818863	0.0
0.485465998894127	0.0
0.48662187032006543	0.0
0.4877777417460038	0.0
0.4889336131719422	0.0
0.4900894845978806	0.0
0.491245356023819	0.0
0.4924012274497574	0.0
0.4935570988756958	0.0
0.4947129703016342	0.0
0.4958688417275726	0.0
0.497024713153511	0.0
0.4981805845794494	0.0
0.4993364560053878	0.0
0.5004923274313262	0.0
0.5016481988572645	0.0
0.502804070283203	0.0
0.5039599417091414	0.0
0.5051158131350798	0.0
0.5062716845610181	0.0
0.5074275559869565	0.0
0.508583427412895	0.0
0.5097392988388334	0.0
0.5108951702647717	0.0
0.5120510416907101	0.0
0.5132069131166486	0.0
0.514362784542587	0.0
0.5155186559685253	0.0
0.5166745273944637	0.0
0.5178303988204022	0.0
0.5189862702463406	0.0
0.5201421416722789	0.0
0.5212980130982173	0.0
0.5224538845241558	0.0
0.5236097559500942	0.0
0.5247656273760325	0.0
0.5259214988019709	0.0
0.5270773702279093	0.0
0.5282332416538478	0.0
0.5293891130797861	0.0
0.5305449845057245	0.0
0.5317008559316629	0.0
0.5328567273576014	0.0
0.5340125987835397	0.0
0.5351684702094781	0.0
0.5363243416354165	0.0
0.537480213061355	0.0
0.5386360844872933	0.0
0.5397919559132317	0.0
0.5409478273391701	0.0
0.5421036987651084	0.0
0.5432595701910469	0.0
0.5444154416169853	0.0
0.5455713130429237	0.0
0.546727184468862	0.0
0.5478830558948005	0.0
0.5490389273207389	0.0
0.5501947987466773	0.0
0.5513506701726156	0.0
0.5525065415985541	0.0
0.5536624130244925	0.0
0.5548182844504309	0.0
0.5559741558763692	0.0
0.5571300273023077	0.0
0.5582858987282461	0.0
0.5594417701541845	0.0
0.5605976415801228	0.0
0.5617535130060612	0.0
0.5629093844319997	0.0
0.5640652558579381	0.0
0.5652211272838764	0.0
0.5663769987098148	0.0
0.5675328701357533	0.0
0.5686887415616917	0.0
0.56984461298763	0.0
0.5710004844135684	0.0
0.5721563558395069	0.0
0.5733122272654453	0.0
0.5744680986913836	0.0
0.575623970117322	0.0
0.5767798415432605	0.0
0.5779357129691989	0.0
0.5790915843951372	0.0
0.5802474558210756	0.0
0.581403327247014	0.0
0.5825591986729525	0.0
0.5837150700988908	0.0
0.5848709415248292	0.0
0.5860268129507676	0.0
0.587182684376706	0.0
0.5883385558026444	0.0
0.5894944272285828	0.0
0.5906502986545212	0.0
0.5918061700804595	0.0
0.592962041506398	0.0
0.5941179129323364	0.0
0.5952737843582748	0.0
0.5964296557842131	0.0
0.5975855272101516	0.0
0.59874139863609	0.0
0.5998972700620284	0.0
0.6010531414879667	0.0
0.6022090129139052	0.0
0.6033648843398436	0.0
0.604520755765782	0.0
0.6056766271917203	0.0
0.6068324986176588	0.0
0.6079883700435972	0.0
0.6091442414695356	0.0
0.6103001128954739	0.0
0.6114559843214123	0.0
0.6126118557473508	0.0
0.6137677271732892	0.0
0.6149235985992275	0.0
0.6160794700251659	0.0
0.6172353414511044	0.0
0.6183912128770428	0.0
0.6195470843029811	0.0
0.6207029557289195	0.0
0.621858827154858	0.0
0.6230146985807964	0.0
0.6241705700067347	0.0
0.6253264414326731	0.0
0.6264823128586116	0.0
0.6276381842845499	0.0
0.6287940557104883	0.0
0.6299499271364267	0.0
0.6311057985623652	0.0
0.6322616699883035	0.0
0.6334175414142419	0.0
0.6345734128401803	0.0
0.6357292842661187	0.0
0.6368851556920571	0.0
0.6380410271179955	0.0
0.6391968985439339	0.0
0.6403527699698723	0.0
0.6415086413958107	0.0
0.6426645128217491	0.0
0.6438203842476875	0.0
0.6449762556736259	0.0
0.6461321270995642	0.0
0.6472879985255027	0.0
0.6484438699514411	0.0
0.6495997413773795	0.0
0.6507556128033178	0.0
0.6519114842292563	0.0
0.6530673556551947	0.0
0.6542232270811331	0.0
0.6553790985070714	0.0
0.6565349699330099	0.0
0.6576908413589483	0.0
0.6588467127848867	0.0
0.660002584210825	0.0
0.6611584556367635	0.0
0.6623143270627019	0.0
0.6634701984886403	0.0
0.6646260699145786	0.0
0.665781941340517	0.0
0.6669378127664555	0.0
0.6680936841923938	0.0
0.6692495556183322	0.0
0.6704054270442706	0.0
0.6715612984702091	0.0
0.6727171698961474	0.0
0.6738730413220858	0.0
0.6750289127480242	0.0
0.6761847841739627	0.0
0.677340655599901	0.0
0.6784965270258394	0.0
0.6796523984517778	0.0
0.6808082698777163	0.0
0.6819641413036546	0.0
0.683120012729593	0.0
0.6842758841555314	0.0
0.6854317555814698	0.0
0.6865876270074082	0.0
0.6877434984333466	0.0
0.688899369859285	0.0
0.6900552412852234	0.0
0.6912111127111618	0.0
0.6923669841371002	0.0
0.6935228555630386	0.0
0.694678726988977	0.0
0.6958345984149154	0.0
0.6969904698408538	0.0
0.6981463412667922	0.0
0.6993022126927306	0.0
0.7004580841186689	0.0
0.7016139555446074	0.0
0.7027698269705458	0.0
0.7039256983964842	0.0
0.7050815698224225	0.0
0.706237441248361	0.0
0.7073933126742994	0.0
0.7085491841002378	0.0
0.7097050555261761	0.0
0.7108609269521146	0.0
0.712016798378053	0.0
0.7131726698039913	0.0
0.7143285412299297	0.0
0.7154844126558682	0.0
0.7166402840818066	0.0
0.7177961555077449	0.0
0.7189520269336833	0.0
0.7201078983596217	0.0
0.7212637697855602	0.0
0.7224196412114985	0.0
0.7235755126374369	0.0
0.7247313840633753	0.0
0.7258872554893138	0.0
0.7270431269152521	0.0
0.7281989983411905	0.0
0.7293548697671289	0.0
0.7305107411930674	0.0
0.7316666126190057	0.0
0.7328224840449441	0.0
0.7339783554708825	0.0
0.735134226896821	0.0
0.7362900983227593	0.0
0.7374459697486977	0.0
0.7386018411746361	0.0
0.7397577126005745	0.0
0.7409135840265129	0.0
0.7420694554524513	0.0
0.7432253268783897	0.0
0.7443811983043281	0.0
0.7455370697302665	0.0
0.7466929411562049	0.0
0.7478488125821433	0.0
0.7490046840080817	0.0
0.75016055543402	0.0
0.7513164268599585	0.0
0.7524722982858969	0.0
0.7536281697118352	0.0
0.7547840411377736	0.0
0.7559399125637121	0.0
0.7570957839896505	0.0
0.7582516554155888	0.0
0.7594075268415272	0.0
0.7605633982674657	0.0
0.7617192696934041	0.0
0.7628751411193424	0.0
0.7640310125452808	0.0
0.7651868839712193	0.0
0.7663427553971577	0.0
0.767498626823096	0.0
0.7686544982490344	0.0
0.7698103696749728	0.0
0.7709662411009113	0.0
0.7721221125268496	0.0
0.773277983952788	0.0
0.7744338553787264	0.0
0.7755897268046649	0.0
0.7767455982306032	0.0
0.7779014696565416	0.0
0.77905734108248	0.0
0.7802132125084185	0.0
0.7813690839343568	0.0
0.7825249553602952	0.0
0.7836808267862336	0.0
0.7848366982121721	0.0
0.7859925696381104	0.0
0.7871484410640488	0.0
0.7883043124899872	0.0
0.7894601839159257	0.0
0.790616055341864	0.0
0.7917719267678024	0.0
0.7929277981937408	0.0
0.7940836696196791	0.0
0.7952395410456176	0.0
0.796395412471556	0.0
0.7975512838974944	0.0
0.7987071553234327	0.0
0.7998630267493712	0.0
0.8010188981753096	0.0
0.802174769601248	0.0
0.8033306410271863	0.0
0.8044865124531247	0.0
0.8056423838790632	0.0
0.8067982553050016	0.0
0.8079541267309399	0.0
0.8091099981568783	0.0
0.8102658695828168	0.0
0.8114217410087552	0.0
0.8125776124346935	0.0
0.8137334838606319	0.0
0.8148893552865704	0.0
0.8160452267125088	0.0
0.8172010981384471	0.0
0.8183569695643855	0.0
0.819512840990324	0.0
0.8206687124162624	0.0
0.8218245838422007	0.0
0.8229804552681391	0.0
0.8241363266940775	0.0
0.825292198120016	0.0
0.8264480695459543	0.0
0.8276039409718927	0.0
0.8287598123978311	0.0
0.8299156838237696	0.0
0.8310715552497079	0.0
0.8322274266756463	0.0
0.8333832981015847	0.0
0.834539169527523	0.0
0.8356950409534615	0.0
0.8368509123793999	0.0
0.8380067838053383	0.0
0.8391626552312766	0.0
0.8403185266572151	0.0
0.8414743980831535	0.0
0.8426302695090919	0.0
0.8437861409350302	0.0
0.8449420123609687	0.0
0.8460978837869071	0.0
0.8472537552128455	0.0
0.8484096266387838	0.0
0.8495654980647223	0.0
0.8507213694906607	0.0
0.8518772409165991	0.0
0.8530331123425374	0.0
0.8541889837684759	0.0
0.8553448551944143	0.0
0.8565007266203527	0.0
0.857656598046291	0.0
0.8588124694722294	0.0
0.8599683408981679	0.0
0.8611242123241063	0.0
0.8622800837500446	0.0
0.863435955175983	0.0
0.8645918266019215	0.0
0.8657476980278599	0.0
0.8669035694537982	0.0
0.8680594408797366	0.0
0.8692153123056751	0.0
0.8703711837316135	0.0
0.8715270551575518	0.0
0.8726829265834902	0.0
0.8738387980094287	0.0
0.8749946694353671	0.0
0.8761505408613054	0.0
0.8773064122872438	0.0
0.8784622837131822	0.0
0.8796181551391206	0.0
0.880774026565059	0.0
0.8819298979909974	0.0
0.8830857694169358	0.0
0.8842416408428742	0.0
0.8853975122688126	0.0
0.886553383694751	0.0
0.8877092551206894	0.0
0.8888651265466277	0.0
0.8900209979725662	0.0
0.8911768693985046	0.0
0.892332740824443	0.0
0.8934886122503813	0.0
0.8946444836763198	0.0
0.8958003551022582	0.0
0.8969562265281966	0.0
0.8981120979541349	0.0
0.8992679693800734	0.0
0.9004238408060118	0.0
0.9015797122319502	0.0
0.9027355836578885	0.0
0.903891455083827	0.0
0.9050473265097654	0.0
0.9062031979357038	0.0
0.9073590693616421	0.0
0.9085149407875805	0.0
0.909670812213519	0.0
0.9108266836394574	0.0
0.9119825550653957	0.0
0.9131384264913341	0.0
0.9142942979172726	0.0
0.915450169343211	0.0
0.9166060407691493	0.0
0.9177619121950877	0.0
0.9189177836210262	0.0
0.9200736550469645	0.0
0.9212295264729029	0.0
0.9223853978988413	0.0
0.9235412693247798	0.0
0.9246971407507181	0.0
0.9258530121766565	0.0
0.9270088836025949	0.0
0.9281647550285334	0.0
0.9293206264544717	0.0
0.9304764978804101	0.0
0.9316323693063485	0.0
0.9327882407322869	0.0
0.9339441121582253	0.0
0.9350999835841637	0.0
0.9362558550101021	0.0
0.9374117264360405	0.0
0.9385675978619789	0.0
0.9397234692879173	0.0
0.9408793407138557	0.0
0.9420352121397941	0.0
0.9431910835657324	0.0
0.9443469549916709	0.0
0.9455028264176093	0.0
0.9466586978435477	0.0
0.947814569269486	0.0
0.9489704406954245	0.0
0.9501263121213629	0.0
0.9512821835473013	0.0
0.9524380549732396	0.0
0.9535939263991781	0.0
0.9547497978251165	0.0
0.9559056692510549	0.0
0.9570615406769932	0.0
0.9582174121029317	0.0
0.9593732835288701	0.0
0.9605291549548084	0.0
0.9616850263807468	0.0
0.9628408978066852	0.0
0.9639967692326237	0.0
0.965152640658562	0.0
0.9663085120845004	0.0
0.9674643835104388	0.0
0.9686202549363773	0.0
0.9697761263623156	0.0
0.970931997788254	0.0
0.9720878692141924	0.0
0.9732437406401309	0.0
0.9743996120660692	0.0
0.9755554834920076	0.0
0.976711354917946	0.0
0.9778672263438845	0.0
0.9790230977698228	0.0
0.9801789691957612	0.0
0.9813348406216996	0.0
0.982490712047638	0.0
0.9836465834735764	0.0
0.9848024548995148	0.0
0.9859583263254532	0.0
0.9871141977513916	0.0
0.98827006917733	0.0
0.9894259406032684	0.0
0.9905818120292068	0.0
0.9917376834551452	0.0
0.9928935548810836	0.0
0.994049426307022	0.0
0.9952052977329604	0.0
0.9963611691588988	0.0
0.9975170405848371	0.0
0.9986729120107756	0.0
0.999828783436714	0.0
1.0009846548626524	0.0
1.0021405262885907	0.0
1.003296397714529	0.0
1.0044522691404676	0.0
1.005608140566406	0.0
1.0067640119923444	0.0
1.0079198834182828	0.0
1.009075754844221	0.0
1.0102316262701596	0.0
1.011387497696098	0.0
1.0125433691220362	0.0
1.0136992405479748	0.0
1.014855111973913	0.0
1.0160109833998516	0.0
1.01716685482579	0.0
1.0183227262517283	0.0
1.0194785976776668	0.0
1.0206344691036051	0.0
1.0217903405295434	0.0
1.022946211955482	0.0
1.0241020833814203	0.0
1.0252579548073588	0.0
1.0264138262332971	0.0
1.0275696976592354	0.0
1.028725569085174	0.0
1.0298814405111123	0.0
1.0310373119370506	0.0
1.0321931833629892	0.0
1.0333490547889275	0.0
1.034504926214866	0.0
1.0356607976408043	0.0
1.0368166690667426	0.0
1.0379725404926812	0.0
1.0391284119186195	0.0
1.0402842833445578	0.0
1.0414401547704963	0.0
1.0425960261964347	0.0
1.043751897622373	0.0
1.0449077690483115	0.0
1.0460636404742498	0.0
1.0472195119001884	0.0
1.0483753833261267	0.0
1.049531254752065	0.0
1.0506871261780035	0.0
1.0518429976039418	0.0
1.0529988690298802	0.0
1.0541547404558187	0.0
1.055310611881757	0.0
1.0564664833076955	0.0
1.0576223547336339	0.0
1.0587782261595722	0.0
1.0599340975855107	0.0
1.061089969011449	0.0
1.0622458404373873	0.0
1.0634017118633259	0.0
1.0645575832892642	0.0
1.0657134547152027	0.0
1.066869326141141	0.0
1.0680251975670794	0.0
1.069181068993018	0.0
1.0703369404189562	0.0
1.0714928118448945	0.0
1.072648683270833	0.0
1.0738045546967714	0.0
1.07496042612271	0.0
1.0761162975486482	0.0
1.0772721689745866	0.0
1.078428040400525	0.0
1.0795839118264634	0.0
1.0807397832524017	0.0
1.0818956546783403	0.0
1.0830515261042786	0.0
1.0842073975302169	0.0
1.0853632689561554	0.0
1.0865191403820937	0.0
1.0876750118080323	0.0
1.0888308832339706	0.0
1.089986754659909	0.0
1.0911426260858474	0.0
1.0922984975117858	0.0
1.093454368937724	0.0
1.0946102403636626	0.0
1.095766111789601	0.0
1.0969219832155395	0.0
1.0980778546414778	0.0
1.099233726067416	0.0
1.1003895974933546	0.0
1.101545468919293	0.0
1.1027013403452313	0.0
1.1038572117711698	0.0
1.1050130831971081	0.0
1.1061689546230467	0.0
1.107324826048985	0.0
1.1084806974749233	0.0
1.1096365689008618	0.0
1.1107924403268001	0.0
1.1119483117527384	0.0
1.113104183178677	0.0
1.1142600546046153	0.0
1.1154159260305538	0.0
1.1165717974564922	0.0
1.1177276688824305	0.0
1.118883540308369	0.0
1.1200394117343073	0.0
1.1211952831602456	0.0
1.1223511545861842	0.0
1.1235070260121225	0.0
1.124662897438061	0.0
1.1258187688639993	0.0
1.1269746402899377	0.0
1.1281305117158762	0.0
1.1292863831418145	0.0
1.1304422545677528	0.0
1.1315981259936914	0.0
1.1327539974196297	0.0
1.133909868845568	0.0
1.1350657402715065	0.0
1.1362216116974448	0.0
1.1373774831233834	0.0
1.1385333545493217	0.0
1.13968922597526	0.0
1.1408450974011985	0.0
1.1420009688271369	0.0
1.1431568402530752	0.0
1.1443127116790137	0.0
1.145468583104952	0.0
1.1466244545308906	0.0
1.1477803259568289	0.0
1.1489361973827672	0.0
1.1500920688087057	0.0
1.151247940234644	0.0
1.1524038116605824	0.0
1.153559683086521	0.0
1.1547155545124592	0.0
1.1558714259383978	0.0
1.157027297364336	0.0
1.1581831687902744	0.0
1.159339040216213	0.0
1.1604949116421512	0.0
1.1616507830680896	0.0
1.162806654494028	0.0
1.1639625259199664	0.0
1.165118397345905	0.0
1.1662742687718433	0.0
1.1674301401977816	0.0
1.1685860116237201	0.0
1.1697418830496584	0.0
1.1708977544755967	0.0
1.1720536259015353	0.0
1.1732094973274736	0.0
1.174365368753412	0.0
1.1755212401793504	0.0
1.1766771116052888	0.0
1.1778329830312273	0.0
1.1789888544571656	0.0
1.180144725883104	0.0
1.1813005973090425	0.0
1.1824564687349808	0.0
1.183612340160919	0.0
1.1847682115868576	0.0
1.185924083012796	0.0
1.1870799544387345	0.0
1.1882358258646728	0.0
1.1893916972906111	0.0
1.1905475687165497	0.0
1.191703440142488	0.0
1.1928593115684263	0.0
1.1940151829943648	0.0
1.1951710544203031	0.0
1.1963269258462417	0.0
1.19748279727218	0.0
1.1986386686981183	0.0
1.1997945401240568	0.0
1.2009504115499952	0.0
1.2021062829759335	0.0
1.203262154401872	0.0
1.2044180258278103	0.0
1.2055738972537489	0.0
1.2067297686796872	0.0
1.2078856401056255	0.0
1.209041511531564	0.0
1.2101973829575023	0.0
1.2113532543834407	0.0
1.2125091258093792	0.0
1.2136649972353175	0.0
1.2148208686612558	0.0
1.2159767400871944	0.0
1.2171326115131327	0.0
1.2182884829390712	0.0
1.2194443543650095	0.0
1.2206002257909478	0.0
1.2217560972168864	0.0
1.2229119686428247	0.0
1.224067840068763	0.0
1.2252237114947016	0.0
1.2263795829206399	0.0
1.2275354543465784	0.0
1.2286913257725167	0.0
1.229847197198455	0.0
1.2310030686243936	0.0
1.2321589400503319	0.0
1.2333148114762702	0.0
1.2344706829022087	0.0
1.235626554328147	0.0
1.2367824257540856	0.0
1.237938297180024	0.0
1.2390941686059622	0.0
1.2402500400319008	0.0
1.241405911457839	0.0
1.2425617828837774	0.0
1.243717654309716	0.0
1.2448735257356542	0.0
1.2460293971615928	0.0
1.247185268587531	0.0
1.2483411400134694	0.0
1.249497011439408	0.0
1.2506528828653463	0.0
1.2518087542912846	0.0
1.2529646257172231	0.0
1.2541204971431614	0.0
1.2552763685690997	0.0
1.2564322399950383	0.0
1.2575881114209766	0.0
1.2587439828469151	0.0
1.2598998542728534	0.0
1.2610557256987918	0.0
1.2622115971247303	0.0
1.2633674685506686	0.0
1.264523339976607	0.0
1.2656792114025455	0.0
1.2668350828284838	0.0
1.2679909542544223	0.0
1.2691468256803606	0.0
1.270302697106299	0.0
1.2714585685322375	0.0
1.2726144399581758	0.0
1.2737703113841141	0.0
1.2749261828100527	0.0
1.276082054235991	0.0
1.2772379256619295	0.0
1.2783937970878678	0.0
1.2795496685138061	0.0
1.2807055399397447	0.0
1.281861411365683	0.0
1.2830172827916213	0.0
1.2841731542175598	0.0
1.2853290256434982	0.0
1.2864848970694367	0.0
1.287640768495375	0.0
1.2887966399213133	0.0
1.2899525113472519	0.0
1.2911083827731902	0.0
1.2922642541991285	0.0
1.293420125625067	0.0
1.2945759970510053	0.0
1.2957318684769437	0.0
1.2968877399028822	0.0
1.2980436113288205	0.0
1.299199482754759	0.0
1.3003553541806974	0.0
1.3015112256066357	0.0
1.3026670970325742	0.0
1.3038229684585125	0.0
1.3049788398844508	0.0
1.3061347113103894	0.0
1.3072905827363277	0.0
1.3084464541622662	0.0
1.3096023255882046	0.0
1.3107581970141429	0.0
1.3119140684400814	0.0
1.3130699398660197	0.0
1.314225811291958	0.0
1.3153816827178966	0.0
1.3165375541438349	0.0
1.3176934255697734	0.0
1.3188492969957117	0.0
1.32000516842165	0.0
1.3211610398475886	0.0
1.322316911273527	0.0
1.3234727826994652	0.0
1.3246286541254038	0.0
1.325784525551342	0.0
1.3269403969772806	0.0
1.328096268403219	0.0
1.3292521398291572	0.0
1.3304080112550958	0.0
1.331563882681034	0.0
1.3327197541069724	0.0
1.333875625532911	0.0
1.3350314969588493	0.0
1.3361873683847876	0.0
1.3373432398107261	0.0
1.3384991112366644	0.0
1.339654982662603	0.0
1.3408108540885413	0.0
1.3419667255144796	0.0
1.3431225969404181	0.0
1.3442784683663564	0.0
1.3454343397922948	0.0
1.3465902112182333	0.0
1.3477460826441716	0.0
1.3489019540701102	0.0
1.3500578254960485	0.0
1.3512136969219868	0.0
1.3523695683479253	0.0
1.3535254397738636	0.0
1.354681311199802	0.0
1.3558371826257405	0.0
1.3569930540516788	0.0
1.3581489254776173	0.0
1.3593047969035557	0.0
1.360460668329494	0.0
1.3616165397554325	0.0
1.3627724111813708	0.0
1.3639282826073091	0.0
1.3650841540332477	0.0
1.366240025459186	0.0
1.3673958968851245	0.0
1.3685517683110628	0.0
1.3697076397370012	0.0
1.3708635111629397	0.0
1.372019382588878	0.0
1.3731752540148163	0.0
1.3743311254407549	0.0
1.3754869968666932	0.0
1.3766428682926315	0.0
1.37779873971857	0.0
1.3789546111445083	0.0
1.3801104825704469	0.0
1.3812663539963852	0.0
1.3824222254223235	0.0
1.383578096848262	0.0
1.3847339682742004	0.0
1.3858898397001387	0.0
1.3870457111260772	0.0
1.3882015825520155	0.0
1.389357453977954	0.0
1.3905133254038924	0.0
1.3916691968298307	0.0
1.3928250682557692	0.0
1.3939809396817076	0.0
1.3951368111076459	0.0
1.3962926825335844	0.0
1.3974485539595227	0.0
1.3986044253854613	0.0
1.3997602968113996	0.0
1.4009161682373379	0.0
1.4020720396632764	0.0
1.4032279110892147	0.0
1.404383782515153	0.0
1.4055396539410916	0.0
1.40669552536703	0.0
1.4078513967929684	0.0
1.4090072682189068	0.0
1.410163139644845	0.0
1.4113190110707836	0.0
1.412474882496722	0.0
1.4136307539226602	0.0
1.4147866253485988	0.0
1.415942496774537	0.0
1.4170983682004756	0.0
1.418254239626414	0.0
1.4194101110523523	0.0
1.4205659824782908	0.0
1.4217218539042291	0.0
1.4228777253301674	0.0
1.424033596756106	0.0
1.4251894681820443	0.0
1.4263453396079826	0.0
1.4275012110339211	0.0
1.4286570824598595	0.0
1.429812953885798	0.0
1.4309688253117363	0.0
1.4321246967376746	0.0
1.4332805681636132	0.0
1.4344364395895515	0.0
1.4355923110154898	0.0
1.4367481824414283	0.0
1.4379040538673666	0.0
1.4390599252933052	0.0
1.4402157967192435	0.0
1.4413716681451818	0.0
1.4425275395711203	0.0
1.4436834109970587	0.0
1.444839282422997	0.0
1.4459951538489355	0.0
1.4471510252748738	0.0
1.4483068967008124	0.0
1.4494627681267507	0.0
1.450618639552689	0.0
1.4517745109786275	0.0
1.4529303824045658	0.0
1.4540862538305042	0.0
1.4552421252564427	0.0
1.456397996682381	0.0
1.4575538681083196	0.0
1.4587097395342579	0.0
1.4598656109601962	0.0
1.4610214823861347	0.0
1.462177353812073	0.0
1.4633332252380113	0.0
1.4644890966639499	0.0
1.4656449680898882	0.0
1.4668008395158265	0.0
1.467956710941765	0.0
1.4691125823677034	0.0
1.470268453793642	0.0
1.4714243252195802	0.0
1.4725801966455185	0.0
1.473736068071457	0.0
1.4748919394973954	0.0
1.4760478109233337	0.0
1.4772036823492722	0.0
1.4783595537752106	0.0
1.479515425201149	0.0
1.4806712966270874	0.0
1.4818271680530257	0.0
1.4829830394789643	0.0
1.4841389109049026	0.0
1.485294782330841	0.0
1.4864506537567794	0.0
1.4876065251827177	0.0
1.4887623966086563	0.0
1.4899182680345946	0.0
1.491074139460533	0.0
1.4922300108864714	0.0
1.4933858823124098	0.0
1.494541753738348	0.0
1.4956976251642866	0.0
1.496853496590225	0.0
1.4980093680161635	0.0
1.4991652394421018	0.0
1.50032111086804	0.0
1.5014769822939786	0.0
1.502632853719917	0.0
1.5037887251458553	0.0
1.5049445965717938	0.0
1.5061004679977321	0.0
1.5072563394236704	0.0
1.508412210849609	0.0
1.5095680822755473	0.0
1.5107239537014858	0.0
1.5118798251274241	0.0
1.5130356965533625	0.0
1.514191567979301	0.0
1.5153474394052393	0.0
1.5165033108311776	0.0
1.5176591822571162	0.0
1.5188150536830545	0.0
1.519970925108993	0.0
1.5211267965349313	0.0
1.5222826679608696	0.0
1.5234385393868082	0.0
1.5245944108127465	0.0
1.5257502822386848	0.0
1.5269061536646233	0.0
1.5280620250905617	0.0
1.5292178965165002	0.0
1.5303737679424385	0.0
1.5315296393683768	0.0
1.5326855107943154	0.0
1.5338413822202537	0.0
1.534997253646192	0.0
1.5361531250721305	0.0
1.5373089964980688	0.0
1.5384648679240074	0.0
1.5396207393499457	0.0
1.540776610775884	0.0
1.5419324822018226	0.0
1.5430883536277609	0.0
1.5442442250536992	0.0
1.5454000964796377	0.0
1.546555967905576	0.0
1.5477118393315143	0.0
1.5488677107574529	0.0
1.5500235821833912	0.0
1.5511794536093297	0.0
1.552335325035268	0.0
1.5534911964612064	0.0
1.554647067887145	0.0
1.5558029393130832	0.0
1.5569588107390215	0.0
1.55811468216496	0.0
1.5592705535908984	0.0
1.560426425016837	0.0
1.5615822964427752	0.0
1.5627381678687136	0.0
1.563894039294652	0.0
1.5650499107205904	0.0
1.5662057821465287	0.0
1.5673616535724673	0.0
1.5685175249984056	0.0
1.5696733964243441	0.0
1.5708292678502824	0.0
1.5719851392762207	0.0
1.5731410107021593	0.0
1.5742968821280976	0.0
1.575452753554036	0.0
1.5766086249799744	0.0
1.5777644964059128	0.0
1.5789203678318513	0.0
1.5800762392577896	0.0
1.581232110683728	0.0
1.5823879821096665	0.0
1.5835438535356048	0.0
1.584699724961543	0.0
1.5858555963874816	0.0
1.58701146781342	0.0
1.5881673392393583	0.0
1.5893232106652968	0.0
1.5904790820912351	0.0
1.5916349535171737	0.0
1.592790824943112	0.0
1.5939466963690503	0.0
1.5951025677949888	0.0
1.5962584392209271	0.0
1.5974143106468655	0.0
1.598570182072804	0.0
1.5997260534987423	0.0
1.6008819249246808	0.0
1.6020377963506192	0.0
1.6031936677765575	0.0
1.604349539202496	0.0
1.6055054106284343	0.0
1.6066612820543726	0.0
1.6078171534803112	0.0
1.6089730249062495	0.0
1.610128896332188	0.0
1.6112847677581263	0.0
1.6124406391840647	0.0
1.6135965106100032	0.0
1.6147523820359415	0.0
1.6159082534618798	0.0
1.6170641248878184	0.0
1.6182199963137567	0.0
1.6193758677396952	0.0
1.6205317391656335	0.0
1.6216876105915718	0.0
1.6228434820175104	0.0
1.6239993534434487	0.0
1.625155224869387	0.0
1.6263110962953256	0.0
1.6274669677212639	0.0
1.6286228391472022	0.0
1.6297787105731407	0.0
1.630934581999079	0.0
1.6320904534250176	0.0
1.6332463248509559	0.0
1.6344021962768942	0.0
1.6355580677028327	0.0
1.636713939128771	0.0
1.6378698105547094	0.0
1.639025681980648	0.0
1.6401815534065862	0.0
1.6413374248325248	0.0
1.642493296258463	0.0
1.6436491676844014	0.0
1.64480503911034	0.0
1.6459609105362782	0.0
1.6471167819622166	0.0
1.648272653388155	0.0
1.6494285248140934	0.0
1.650584396240032	0.0
1.6517402676659703	0.0
1.6528961390919086	0.0
1.6540520105178471	0.0
1.6552078819437854	0.0
1.6563637533697237	0.0
1.6575196247956623	0.0
1.6586754962216006	0.0
1.6598313676475391	0.0
1.6609872390734775	0.0
1.6621431104994158	0.0
1.6632989819253543	0.0
1.6644548533512926	0.0
1.665610724777231	0.0
1.6667665962031695	0.0
1.6679224676291078	0.0
1.669078339055046	0.0
1.6702342104809846	0.0
1.671390081906923	0.0
1.6725459533328615	0.0
1.6737018247587998	0.0
1.6748576961847381	0.0
1.6760135676106767	0.0
1.677169439036615	0.0
1.6783253104625533	0.0
1.6794811818884918	0.0
1.6806370533144301	0.0
1.6817929247403687	0.0
1.682948796166307	0.0
1.6841046675922453	0.0
1.6852605390181838	0.0
1.6864164104441222	0.0
1.6875722818700605	0.0
1.688728153295999	0.0
1.6898840247219373	0.0
1.6910398961478759	0.0
1.6921957675738142	0.0
1.6933516389997525	0.0
1.694507510425691	0.0
1.6956633818516293	0.0
1.6968192532775677	0.0
1.6979751247035062	0.0
1.6991309961294445	0.0
1.700286867555383	0.0
1.7014427389813214	0.0
1.7025986104072597	0.0
1.7037544818331982	0.0
1.7049103532591365	0.0
1.7060662246850749	0.0
1.7072220961110134	0.0
1.7083779675369517	0.0
1.70953383896289	0.0
1.7106897103888286	0.0
1.7118455818147669	0.0
1.7130014532407054	0.0
1.7141573246666437	0.0
1.715313196092582	0.0
1.7164690675185206	0.0
1.717624938944459	0.0
1.7187808103703972	0.0
1.7199366817963357	0.0
1.721092553222274	0.0
1.7222484246482126	0.0
1.723404296074151	0.0
1.7245601675000892	0.0
1.7257160389260278	0.0
1.726871910351966	0.0
1.7280277817779044	0.0
1.729183653203843	0.0
1.7303395246297812	0.0
1.7314953960557198	0.0
1.732651267481658	0.0
1.7338071389075964	0.0
1.734963010333535	0.0
1.7361188817594733	0.0
1.7372747531854116	0.0
1.7384306246113501	0.0
1.7395864960372884	0.0
1.740742367463227	0.0
1.7418982388891653	0.0
1.7430541103151036	0.0
1.7442099817410421	0.0
1.7453658531669805	0.0
1.7465217245929188	0.0
1.7476775960188573	0.0
1.7488334674447956	0.0
1.7499893388707342	0.0
1.7511452102966725	0.0
1.7523010817226108	0.0
1.7534569531485493	0.0
1.7546128245744876	0.0
1.755768696000426	0.0
1.7569245674263645	0.0
1.7580804388523028	0.0
1.7592363102782411	0.0
1.7603921817041797	0.0
1.761548053130118	0.0
1.7627039245560565	0.0
1.7638597959819948	0.0
1.7650156674079331	0.0
1.7661715388338717	0.0
1.76732741025981	0.0
1.7684832816857483	0.0
1.7696391531116868	0.0
1.7707950245376252	0.0
1.7719508959635637	0.0
1.773106767389502	0.0
1.7742626388154403	0.0
1.7754185102413789	0.0
1.7765743816673172	0.0
1.7777302530932555	0.0
1.778886124519194	0.0
1.7800419959451323	0.0
1.7811978673710709	0.0
1.7823537387970092	0.0
1.7835096102229475	0.0
1.784665481648886	0.0
1.7858213530748244	0.0
1.7869772245007627	0.0
1.7881330959267012	0.0
1.7892889673526395	0.0
1.790444838778578	0.0
1.7916007102045164	0.0
1.7927565816304547	0.0
1.7939124530563932	0.0
1.7950683244823316	0.0
1.7962241959082699	0.0
1.7973800673342084	0.0
1.7985359387601467	0.0
1.799691810186085	0.0
1.8008476816120236	0.0
1.802003553037962	0.0
1.8031594244639004	0.0
1.8043152958898387	0.0
1.805471167315777	0.0
1.8066270387417156	0.0
1.807782910167654	0.0
1.8089387815935922	0.0
1.8100946530195308	0.0
1.811250524445469	0.0
1.8124063958714076	0.0
1.813562267297346	0.0
1.8147181387232842	0.0
1.8158740101492228	0.0
1.817029881575161	0.0
1.8181857530010994	0.0
1.819341624427038	0.0
1.8204974958529763	0.0
1.8216533672789148	0.0
1.8228092387048531	0.0
1.8239651101307914	0.0
1.82512098155673	0.0
1.8262768529826683	0.0
1.8274327244086066	0.0
1.8285885958345451	0.0
1.8297444672604835	0.0
1.830900338686422	0.0
1.8320562101123603	0.0
1.8332120815382986	0.0
1.8343679529642372	0.0
1.8355238243901755	0.0
1.8366796958161138	0.0
1.8378355672420523	0.0
1.8389914386679906	0.0
1.840147310093929	0.0
1.8413031815198675	0.0
1.8424590529458058	0.0
1.8436149243717443	0.0
1.8447707957976827	0.0
1.845926667223621	0.0
1.8470825386495595	0.0
1.8482384100754978	0.0
1.8493942815014361	0.0
1.8505501529273747	0.0
1.851706024353313	0.0
1.8528618957792515	0.0
1.8540177672051898	0.0
1.8551736386311282	0.0
1.8563295100570667	0.0
1.857485381483005	0.0
1.8586412529089433	0.0
1.8597971243348819	0.0
1.8609529957608202	0.0
1.8621088671867587	0.0
1.863264738612697	0.0
1.8644206100386354	0.0
1.8655764814645739	0.0
1.8667323528905122	0.0
1.8678882243164505	0.0
1.869044095742389	0.0
1.8701999671683274	0.0
1.871355838594266	0.0
1.8725117100202042	0.0
1.8736675814461425	0.0
1.874823452872081	0.0
1.8759793242980194	0.0
1.8771351957239577	0.0
1.8782910671498962	0.0
1.8794469385758346	0.0
1.8806028100017729	0.0
1.8817586814277114	0.0
1.8829145528536497	0.0
1.8840704242795883	0.0
1.8852262957055266	0.0
1.886382167131465	0.0
1.8875380385574034	0.0
1.8886939099833417	0.0
1.88984978140928	0.0
1.8910056528352186	0.0
1.892161524261157	0.0
1.8933173956870955	0.0
1.8944732671130338	0.0
1.895629138538972	0.0
1.8967850099649106	0.0
1.897940881390849	0.0
1.8990967528167872	0.0
1.9002526242427258	0.0
1.901408495668664	0.0
1.9025643670946026	0.0
1.903720238520541	0.0
1.9048761099464793	0.0
1.9060319813724178	0.0
1.9071878527983561	0.0
1.9083437242242944	0.0
1.909499595650233	0.0
1.9106554670761713	0.0
1.9118113385021098	0.0
1.9129672099280481	0.0
1.9141230813539865	0.0
1.915278952779925	0.0
1.9164348242058633	0.0
1.9175906956318016	0.0
1.9187465670577402	0.0
1.9199024384836785	0.0
1.9210583099096168	0.0
1.9222141813355553	0.0
1.9233700527614936	0.0
1.9245259241874322	0.0
1.9256817956133705	0.0
1.9268376670393088	0.0
1.9279935384652473	0.0
1.9291494098911857	0.0
1.930305281317124	0.0
1.9314611527430625	0.0
1.9326170241690008	0.0
1.9337728955949394	0.0
1.9349287670208777	0.0
1.936084638446816	0.0
1.9372405098727545	0.0
1.9383963812986928	0.0
1.9395522527246312	0.0
1.9407081241505697	0.0
1.941863995576508	0.0
1.9430198670024466	0.0
1.9441757384283849	0.0
1.9453316098543232	0.0
1.9464874812802617	0.0
1.9476433527062	0.0
1.9487992241321384	0.0
1.949955095558077	0.0
1.9511109669840152	0.0
1.9522668384099537	0.0
1.953422709835892	0.0
1.9545785812618304	0.0
1.955734452687769	0.0
1.9568903241137072	0.0
1.9580461955396455	0.0
1.959202066965584	0.0
1.9603579383915224	0.0
1.9615138098174607	0.0
1.9626696812433992	0.0
1.9638255526693376	0.0
1.964981424095276	0.0
1.9661372955212144	0.0
1.9672931669471527	0.0
1.9684490383730913	0.0
1.9696049097990296	0.0
1.970760781224968	0.0
1.9719166526509064	0.0
1.9730725240768447	0.0
1.9742283955027833	0.0
1.9753842669287216	0.0
1.97654013835466	0.0
1.9776960097805985	0.0
1.9788518812065368	0.0
1.980007752632475	0.0
1.9811636240584136	0.0
1.982319495484352	0.0
1.9834753669102905	0.0
1.9846312383362288	0.0
1.985787109762167	0.0
1.9869429811881056	0.0
1.988098852614044	0.0
1.9892547240399823	0.0
1.9904105954659208	0.0
1.9915664668918591	0.0
1.9927223383177977	0.0
1.993878209743736	0.0
1.9950340811696743	0.0
1.9961899525956128	0.0
1.9973458240215511	0.0
1.9985016954474895	0.0
1.999657566873428	0.0
2.0008134382993665	0.0
2.001969309725305	0.0
2.003125181151243	0.0
2.0042810525771815	0.0
2.00543692400312	0.0
2.006592795429058	0.0
2.007748666854997	0.0
2.008904538280935	0.0
2.0100604097068735	0.0
2.011216281132812	0.0
2.01237215255875	0.0
2.013528023984689	0.0
2.014683895410627	0.0
2.0158397668365655	0.0
2.016995638262504	0.0
2.018151509688442	0.0
2.019307381114381	0.0
2.020463252540319	0.0
2.0216191239662575	0.0
2.022774995392196	0.0
2.023930866818134	0.0
2.0250867382440725	0.0
2.0262426096700112	0.0
2.0273984810959496	0.0
2.028554352521888	0.0
2.029710223947826	0.0
2.0308660953737645	0.0
2.0320219667997033	0.0
2.0331778382256416	0.0
2.03433370965158	0.0
2.035489581077518	0.0
2.0366454525034565	0.0
2.0378013239293953	0.0
2.0389571953553336	0.0
2.040113066781272	0.0
2.0412689382072102	0.0
2.0424248096331485	0.0
2.043580681059087	0.0
2.0447365524850256	0.0
2.045892423910964	0.0
2.0470482953369022	0.0
2.0482041667628406	0.0
2.049360038188779	0.0
2.0505159096147176	0.0
2.051671781040656	0.0
2.0528276524665943	0.0
2.0539835238925326	0.0
2.055139395318471	0.0
2.056295266744409	0.0
2.057451138170348	0.0
2.0586070095962863	0.0
2.0597628810222246	0.0
2.060918752448163	0.0
2.0620746238741012	0.0
2.06323049530004	0.0
2.0643863667259783	0.0
2.0655422381519166	0.0
2.066698109577855	0.0
2.0678539810037933	0.0
2.069009852429732	0.0
2.0701657238556703	0.0
2.0713215952816086	0.0
2.072477466707547	0.0
2.0736333381334853	0.0
2.0747892095594236	0.0
2.0759450809853623	0.0
2.0771009524113007	0.0
2.078256823837239	0.0
2.0794126952631773	0.0
2.0805685666891156	0.0
2.0817244381150544	0.0
2.0828803095409927	0.0
2.084036180966931	0.0
2.0851920523928693	0.0
2.0863479238188076	0.0
2.087503795244746	0.0
2.0886596666706847	0.0
2.089815538096623	0.0
2.0909714095225613	0.0
2.0921272809484996	0.0
2.093283152374438	0.0
2.0944390238003767	0.0
2.095594895226315	0.0
2.0967507666522534	0.0
2.0979066380781917	0.0
2.09906250950413	0.0
2.1002183809300687	0.0
2.101374252356007	0.0
2.1025301237819454	0.0
2.1036859952078837	0.0
2.104841866633822	0.0
2.1059977380597603	0.0
2.107153609485699	0.0
2.1083094809116374	0.0
2.1094653523375757	0.0
2.110621223763514	0.0
2.1117770951894523	0.0
2.112932966615391	0.0
2.1140888380413294	0.0
2.1152447094672677	0.0
2.116400580893206	0.0
2.1175564523191444	0.0
2.118712323745083	0.0
2.1198681951710214	0.0
2.1210240665969597	0.0
2.122179938022898	0.0
2.1233358094488364	0.0
2.1244916808747747	0.0
2.1256475523007134	0.0
2.1268034237266518	0.0
2.12795929515259	0.0
2.1291151665785284	0.0
2.1302710380044667	0.0
2.1314269094304055	0.0
2.132582780856344	0.0
2.133738652282282	0.0
2.1348945237082204	0.0
2.1360503951341587	0.0
2.137206266560097	0.0
2.138362137986036	0.0
2.139518009411974	0.0
2.1406738808379124	0.0
2.1418297522638508	0.0
2.142985623689789	0.0
2.144141495115728	0.0
2.145297366541666	0.0
2.1464532379676045	0.0
2.1476091093935428	0.0
2.148764980819481	0.0
2.14992085224542	0.0
2.151076723671358	0.0
2.1522325950972965	0.0
2.153388466523235	0.0
2.154544337949173	0.0
2.1557002093751114	0.0
2.15685608080105	0.0
2.1580119522269885	0.0
2.159167823652927	0.0
2.160323695078865	0.0
2.1614795665048034	0.0
2.162635437930742	0.0
2.1637913093566805	0.0
2.164947180782619	0.0
2.166103052208557	0.0
2.1672589236344955	0.0
2.1684147950604338	0.0
2.1695706664863725	0.0
2.170726537912311	0.0
2.171882409338249	0.0
2.1730382807641875	0.0
2.174194152190126	0.0
2.1753500236160646	0.0
2.176505895042003	0.0
2.177661766467941	0.0
2.1788176378938795	0.0
2.179973509319818	0.0
2.1811293807457566	0.0
2.182285252171695	0.0
2.183441123597633	0.0
2.1845969950235715	0.0
2.18575286644951	0.0
2.186908737875448	0.0
2.188064609301387	0.0
2.1892204807273252	0.0
2.1903763521532635	0.0
2.191532223579202	0.0
2.19268809500514	0.0
2.193843966431079	0.0
2.1949998378570172	0.0
2.1961557092829556	0.0
2.197311580708894	0.0
2.198467452134832	0.0
2.199623323560771	0.0
2.2007791949867093	0.0
2.2019350664126476	0.0
2.203090937838586	0.0
2.204246809264524	0.0
2.2054026806904625	0.0
2.2065585521164013	0.0
2.2077144235423396	0.0
2.208870294968278	0.0
2.2100261663942162	0.0
2.2111820378201545	0.0
2.2123379092460933	0.0
2.2134937806720316	0.0
2.21464965209797	0.0
2.2158055235239082	0.0
2.2169613949498466	0.0
2.218117266375785	0.0
2.2192731378017236	0.0
2.220429009227662	0.0
2.2215848806536003	0.0
2.2227407520795386	0.0
2.223896623505477	0.0
2.2250524949314157	0.0
2.226208366357354	0.0
2.2273642377832923	0.0
2.2285201092092306	0.0
2.229675980635169	0.0
2.2308318520611077	0.0
2.231987723487046	0.0
2.2331435949129843	0.0
2.2342994663389226	0.0
2.235455337764861	0.0
2.2366112091907993	0.0
2.237767080616738	0.0
2.2389229520426763	0.0
2.2400788234686146	0.0
2.241234694894553	0.0
2.2423905663204913	0.0
2.24354643774643	0.0
2.2447023091723683	0.0
2.2458581805983067	0.0
2.247014052024245	0.0
2.2481699234501833	0.0
2.249325794876122	0.0
2.2504816663020604	0.0
2.2516375377279987	0.0
2.252793409153937	0.0
2.2539492805798753	0.0
2.2551051520058136	0.0
2.2562610234317524	0.0
2.2574168948576907	0.0
2.258572766283629	0.0
2.2597286377095673	0.0
2.2608845091355056	0.0
2.2620403805614444	0.0
2.2631962519873827	0.0
2.264352123413321	0.0
2.2655079948392594	0.0
2.2666638662651977	0.0
2.267819737691136	0.0
2.2689756091170747	0.0
2.270131480543013	0.0
2.2712873519689514	0.0
2.2724432233948897	0.0
2.273599094820828	0.0
2.2747549662467668	0.0
2.275910837672705	0.0
2.2770667090986434	0.0
2.2782225805245817	0.0
2.27937845195052	0.0
2.280534323376459	0.0
2.281690194802397	0.0
2.2828460662283354	0.0
2.2840019376542737	0.0
2.285157809080212	0.0
2.2863136805061504	0.0
2.287469551932089	0.0
2.2886254233580274	0.0
2.2897812947839657	0.0
2.290937166209904	0.0
2.2920930376358424	0.0
2.293248909061781	0.0
2.2944047804877195	0.0
2.2955606519136578	0.0
2.296716523339596	0.0
2.2978723947655344	0.0
2.2990282661914727	0.0
2.3001841376174115	0.0
2.30134000904335	0.0
2.302495880469288	0.0
2.3036517518952264	0.0
2.3048076233211647	0.0
2.3059634947471035	0.0
2.307119366173042	0.0
2.30827523759898	0.0
2.3094311090249184	0.0
2.3105869804508568	0.0
2.3117428518767955	0.0
2.312898723302734	0.0
2.314054594728672	0.0
2.3152104661546105	0.0
2.3163663375805488	0.0
2.317522209006487	0.0
2.318678080432426	0.0
2.319833951858364	0.0
2.3209898232843025	0.0
2.322145694710241	0.0
2.323301566136179	0.0
2.324457437562118	0.0
2.325613308988056	0.0
2.3267691804139945	0.0
2.327925051839933	0.0
2.329080923265871	0.0
2.33023679469181	0.0
2.331392666117748	0.0
2.3325485375436865	0.0
2.333704408969625	0.0
2.334860280395563	0.0
2.3360161518215015	0.0
2.3371720232474402	0.0
2.3383278946733785	0.0
2.339483766099317	0.0
2.340639637525255	0.0
2.3417955089511935	0.0
2.3429513803771322	0.0
2.3441072518030706	0.0
2.345263123229009	0.0
2.346418994654947	0.0
2.3475748660808855	0.0
2.348730737506824	0.0
2.3498866089327626	0.0
2.351042480358701	0.0
2.352198351784639	0.0
2.3533542232105775	0.0
2.354510094636516	0.0
2.3556659660624546	0.0
2.356821837488393	0.0
2.3579777089143312	0.0
2.3591335803402695	0.0
2.360289451766208	0.0
2.3614453231921466	0.0
2.362601194618085	0.0
2.3637570660440232	0.0
2.3649129374699616	0.0
2.3660688088959	0.0
2.367224680321838	0.0
2.368380551747777	0.0
2.3695364231737153	0.0
2.3706922945996536	0.0
2.371848166025592	0.0
2.37300403745153	0.0
2.374159908877469	0.0
2.3753157803034073	0.0
2.3764716517293456	0.0
2.377627523155284	0.0
2.3787833945812222	0.0
2.3799392660071605	0.0
2.3810951374330993	0.0
2.3822510088590376	0.0
2.383406880284976	0.0
2.3845627517109143	0.0
2.3857186231368526	0.0
2.3868744945627913	0.0
2.3880303659887296	0.0008250695492641033
2.389186237414668	0.0
2.3903421088406063	0.0008250695492641033
2.3914979802665446	0.0
2.3926538516924833	0.0
2.3938097231184217	0.0
2.39496559454436	0.0
2.3961214659702983	0.0
2.3972773373962366	0.0
2.398433208822175	0.0
2.3995890802481137	0.0
2.400744951674052	0.0
2.4019008230999903	0.0
2.4030566945259286	0.0
2.404212565951867	0.0
2.4053684373778057	0.0
2.406524308803744	0.0
2.4076801802296823	0.0
2.4088360516556206	0.0
2.409991923081559	0.0
2.4111477945074977	0.0008250695492641033
2.412303665933436	0.0
2.4134595373593744	0.0
2.4146154087853127	0.0
2.415771280211251	0.0
2.4169271516371893	0.0008250695492641033
2.418083023063128	0.0
2.4192388944890664	0.0
2.4203947659150047	0.0
2.421550637340943	0.0
2.4227065087668813	0.0
2.42386238019282	0.0
2.4250182516187584	0.0
2.4261741230446967	0.0008250695492641033
2.427329994470635	0.0
2.4284858658965733	0.0
2.4296417373225117	0.0
2.4307976087484504	0.0
2.4319534801743887	0.0
2.433109351600327	0.0
2.4342652230262654	0.0
2.4354210944522037	0.0
2.4365769658781424	0.0
2.4377328373040807	0.0
2.438888708730019	0.0
2.4400445801559574	0.0008250695492641033
2.4412004515818957	0.0
2.4423563230078345	0.0
2.4435121944337728	0.0
2.444668065859711	0.0
2.4458239372856494	0.0
2.4469798087115877	0.0
2.448135680137526	0.0
2.449291551563465	0.0
2.450447422989403	0.0008250695492641033
2.4516032944153414	0.0
2.4527591658412797	0.0
2.453915037267218	0.0
2.455070908693157	0.0008250695492641033
2.456226780119095	0.0
2.4573826515450334	0.0
2.4585385229709718	0.0
2.45969439439691	0.0
2.4608502658228484	0.0
2.462006137248787	0.0
2.4631620086747255	0.0
2.4643178801006638	0.0
2.465473751526602	0.0
2.4666296229525404	0.0008250695492641033
2.467785494378479	0.0
2.4689413658044175	0.0
2.470097237230356	0.0
2.471253108656294	0.0
2.4724089800822324	0.0
2.473564851508171	0.0
2.4747207229341095	0.0
2.475876594360048	0.0
2.477032465785986	0.0008250695492641033
2.4781883372119244	0.0
2.4793442086378628	0.0
2.4805000800638015	0.0
2.48165595148974	0.0
2.482811822915678	0.0
2.4839676943416165	0.0008250695492641033
2.4851235657675548	0.0
2.4862794371934935	0.0
2.487435308619432	0.0
2.48859118004537	0.0
2.4897470514713085	0.0
2.490902922897247	0.0
2.4920587943231856	0.0
2.493214665749124	0.0
2.494370537175062	0.0
2.4955264086010005	0.0
2.496682280026939	0.0
2.497838151452877	0.0
2.498994022878816	0.0
2.500149894304754	0.0
2.5013057657306925	0.0
2.502461637156631	0.0
2.503617508582569	0.0
2.504773380008508	0.0
2.5059292514344462	0.0
2.5070851228603845	0.0016501390985282065
2.508240994286323	0.0
2.509396865712261	0.0
2.5105527371381995	0.0
2.5117086085641382	0.0
2.5128644799900766	0.0008250695492641033
2.514020351416015	0.0
2.515176222841953	0.0
2.5163320942678915	0.0
2.5174879656938303	0.0008250695492641033
2.5186438371197686	0.0016501390985282065
2.519799708545707	0.0
2.520955579971645	0.0
2.5221114513975835	0.0008250695492641033
2.5232673228235223	0.0
2.5244231942494606	0.0
2.525579065675399	0.0008250695492641033
2.5267349371013372	0.0
2.5278908085272755	0.0008250695492641033
2.529046679953214	0.0
2.5302025513791526	0.00247520864779231
2.531358422805091	0.0
2.5325142942310293	0.0008250695492641033
2.5336701656569676	0.0
2.534826037082906	0.0016501390985282065
2.5359819085088446	0.0
2.537137779934783	0.0
2.5382936513607213	0.0
2.5394495227866596	0.0
2.540605394212598	0.0
2.5417612656385367	0.00247520864779231
2.542917137064475	0.0
2.5440730084904133	0.0008250695492641033
2.5452288799163516	0.0
2.54638475134229	0.0
2.5475406227682282	0.0
2.548696494194167	0.003300278197056413
2.5498523656201053	0.0
2.5510082370460436	0.0008250695492641033
2.552164108471982	0.0
2.5533199798979203	0.0008250695492641033
2.554475851323859	0.0
2.5556317227497973	0.0
2.5567875941757356	0.0008250695492641033
2.557943465601674	0.0
2.5590993370276123	0.0
2.5602552084535506	0.0
2.5614110798794893	0.0
2.5625669513054277	0.0016501390985282065
2.563722822731366	0.0016501390985282065
2.5648786941573043	0.0
2.5660345655832426	0.0
2.5671904370091814	0.0008250695492641033
2.5683463084351197	0.0
2.569502179861058	0.003300278197056413
2.5706580512869963	0.0008250695492641033
2.5718139227129346	0.0016501390985282065
2.5729697941388734	0.0
2.5741256655648117	0.003300278197056413
2.57528153699075	0.0
2.5764374084166883	0.0008250695492641033
2.5775932798426267	0.0016501390985282065
2.578749151268565	0.00247520864779231
2.5799050226945037	0.0016501390985282065
2.581060894120442	0.0
2.5822167655463804	0.0
2.5833726369723187	0.0016501390985282065
2.584528508398257	0.0008250695492641033
2.5856843798241957	0.0
2.586840251250134	0.0008250695492641033
2.5879961226760724	0.0016501390985282065
2.5891519941020107	0.0008250695492641033
2.590307865527949	0.0008250695492641033
2.5914637369538873	0.0008250695492641033
2.592619608379826	0.0016501390985282065
2.5937754798057644	0.0016501390985282065
2.5949313512317027	0.00247520864779231
2.596087222657641	0.0008250695492641033
2.5972430940835793	0.0008250695492641033
2.598398965509518	0.0016501390985282065
2.5995548369354564	0.0008250695492641033
2.6007107083613947	0.0008250695492641033
2.601866579787333	0.0008250695492641033
2.6030224512132714	0.0
2.60417832263921	0.0016501390985282065
2.6053341940651484	0.0016501390985282065
2.6064900654910867	0.00247520864779231
2.607645936917025	0.00247520864779231
2.6088018083429634	0.0008250695492641033
2.6099576797689017	0.0016501390985282065
2.6111135511948405	0.0
2.6122694226207788	0.0016501390985282065
2.613425294046717	0.0016501390985282065
2.6145811654726554	0.0008250695492641033
2.6157370368985937	0.0008250695492641033
2.6168929083245325	0.0008250695492641033
2.618048779750471	0.003300278197056413
2.619204651176409	0.003300278197056413
2.6203605226023474	0.0008250695492641033
2.6215163940282857	0.00247520864779231
2.6226722654542245	0.0008250695492641033
2.623828136880163	0.00247520864779231
2.624984008306101	0.0008250695492641033
2.6261398797320394	0.0016501390985282065
2.6272957511579778	0.0008250695492641033
2.628451622583916	0.0008250695492641033
2.629607494009855	0.0016501390985282065
2.630763365435793	0.0
2.6319192368617315	0.0016501390985282065
2.6330751082876698	0.0016501390985282065
2.634230979713608	0.0008250695492641033
2.635386851139547	0.004125347746320516
2.636542722565485	0.0016501390985282065
2.6376985939914235	0.003300278197056413
2.638854465417362	0.0016501390985282065
2.6400103368433	0.003300278197056413
2.6411662082692384	0.0016501390985282065
2.642322079695177	0.003300278197056413
2.6434779511211155	0.003300278197056413
2.644633822547054	0.00247520864779231
2.645789693972992	0.00247520864779231
2.6469455653989304	0.00247520864779231
2.648101436824869	0.00495041729558462
2.6492573082508075	0.0008250695492641033
2.650413179676746	0.005775486844848723
2.651569051102684	0.0008250695492641033
2.6527249225286225	0.0008250695492641033
2.6538807939545612	0.004125347746320516
2.6550366653804995	0.00495041729558462
2.656192536806438	0.00247520864779231
2.657348408232376	0.00247520864779231
2.6585042796583145	0.006600556394112826
2.659660151084253	0.003300278197056413
2.6608160225101916	0.00247520864779231
2.66197189393613	0.003300278197056413
2.663127765362068	0.0016501390985282065
2.6642836367880065	0.003300278197056413
2.665439508213945	0.0016501390985282065
2.6665953796398836	0.0074256259433769295
2.667751251065822	0.00247520864779231
2.66890712249176	0.004125347746320516
2.6700629939176985	0.00247520864779231
2.671218865343637	0.0016501390985282065
2.672374736769575	0.004125347746320516
2.673530608195514	0.003300278197056413
2.6746864796214522	0.008250695492641033
2.6758423510473905	0.00247520864779231
2.676998222473329	0.003300278197056413
2.678154093899267	0.0074256259433769295
2.679309965325206	0.00495041729558462
2.6804658367511442	0.003300278197056413
2.6816217081770826	0.0074256259433769295
2.682777579603021	0.005775486844848723
2.683933451028959	0.004125347746320516
2.685089322454898	0.004125347746320516
2.6862451938808363	0.003300278197056413
2.6874010653067746	0.006600556394112826
2.688556936732713	0.004125347746320516
2.689712808158651	0.003300278197056413
2.6908686795845895	0.003300278197056413
2.6920245510105283	0.008250695492641033
2.6931804224364666	0.004125347746320516
2.694336293862405	0.004125347746320516
2.6954921652883432	0.0008250695492641033
2.6966480367142815	0.006600556394112826
2.6978039081402203	0.004125347746320516
2.6989597795661586	0.00495041729558462
2.700115650992097	0.009075765041905137
2.7012715224180353	0.005775486844848723
2.7024273938439736	0.008250695492641033
2.7035832652699123	0.005775486844848723
2.7047391366958506	0.00247520864779231
2.705895008121789	0.0074256259433769295
2.7070508795477273	0.005775486844848723
2.7082067509736656	0.00495041729558462
2.709362622399604	0.005775486844848723
2.7105184938255427	0.0074256259433769295
2.711674365251481	0.00495041729558462
2.7128302366774193	0.008250695492641033
2.7139861081033576	0.009075765041905137
2.715141979529296	0.0074256259433769295
2.7162978509552347	0.0074256259433769295
2.717453722381173	0.010725904140433343
2.7186095938071113	0.00990083459116924
2.7197654652330496	0.011550973689697446
2.720921336658988	0.00990083459116924
2.7220772080849263	0.008250695492641033
2.723233079510865	0.005775486844848723
2.7243889509368033	0.011550973689697446
2.7255448223627416	0.008250695492641033
2.72670069378868	0.00495041729558462
2.7278565652146183	0.014026182337489757
2.729012436640557	0.00990083459116924
2.7301683080664954	0.011550973689697446
2.7313241794924337	0.010725904140433343
2.732480050918372	0.010725904140433343
2.7336359223443103	0.011550973689697446
2.734791793770249	0.00990083459116924
2.7359476651961874	0.00990083459116924
2.7371035366221257	0.01237604323896155
2.738259408048064	0.013201112788225652
2.7394152794740023	0.013201112788225652
2.7405711508999406	0.008250695492641033
2.7417270223258794	0.0255771560271872
2.7428828937518177	0.01567632143601796
2.744038765177756	0.01567632143601796
2.7451946366036943	0.01567632143601796
2.7463505080296327	0.016501390985282065
2.7475063794555714	0.021451808280866687
2.7486622508815097	0.013201112788225652
2.749818122307448	0.008250695492641033
2.7509739937333864	0.023927016928658996
2.7521298651593247	0.018151530083810274
2.753285736585263	0.013201112788225652
2.7544416080112017	0.016501390985282065
2.75559747943714	0.01567632143601796
2.7567533508630784	0.028052364674979513
2.7579092222890167	0.021451808280866687
2.759065093714955	0.018976599633074374
2.7602209651408938	0.02310194737939489
2.761376836566832	0.01980166918233848
2.7625327079927704	0.018976599633074374
2.7636885794187087	0.01980166918233848
2.764844450844647	0.01732646053454617
2.766000322270586	0.018976599633074374
2.767156193696524	0.018976599633074374
2.7683120651224624	0.02722729512571541
2.7694679365484007	0.014851251886753859
2.770623807974339	0.01980166918233848
2.7717796794002774	0.022276877830130788
2.772935550826216	0.02310194737939489
2.7740914222521544	0.02310194737939489
2.7752472936780928	0.021451808280866687
2.776403165104031	0.02310194737939489
2.7775590365299694	0.018151530083810274
2.778714907955908	0.023927016928658996
2.7798707793818465	0.02310194737939489
2.7810266508077848	0.023927016928658996
2.782182522233723	0.03217771242130003
2.7833383936596614	0.0255771560271872
2.7844942650856	0.029702503773507718
2.7856501365115385	0.03217771242130003
2.786806007937477	0.037128129716884645
2.787961879363415	0.03135264287203592
2.7891177507893534	0.03135264287203592
2.7902736222152917	0.03300278197056413
2.7914294936412305	0.03135264287203592
2.792585365067169	0.03135264287203592
2.793741236493107	0.037128129716884645
2.7948971079190454	0.03300278197056413
2.7960529793449838	0.028877434224243614
2.7972088507709225	0.03547799061835644
2.798364722196861	0.03300278197056413
2.799520593622799	0.04372868611099747
2.8006764650487375	0.033827851519828235
2.8018323364746758	0.03960333836467696
2.802988207900614	0.041253477463205165
2.804144079326553	0.056104729349959026
2.805299950752491	0.04785403385731799
2.8064558221784295	0.03547799061835644
2.807611693604368	0.04702896430805389
2.808767565030306	0.04372868611099747
2.809923436456245	0.0511543120543744
2.811079307882183	0.0503292425051103
2.8122351793081215	0.04537882520952568
2.81339105073406	0.048679103406582096
2.814546922159998	0.04537882520952568
2.815702793585937	0.04702896430805389
2.816858665011875	0.05280445115290261
2.8180145364378135	0.06188021619480775
2.819170407863752	0.04702896430805389
2.82032627928969	0.05280445115290261
2.8214821507156285	0.06353035529333595
2.8226380221415672	0.05445459025143082
2.8237938935675055	0.044553755660261575
2.824949764993444	0.0511543120543744
2.826105636419382	0.06353035529333595
2.8272615078453205	0.04207854701246927
2.8284173792712592	0.048679103406582096
2.8295732506971976	0.061055146645543644
2.830729122123136	0.07178105078597699
2.831884993549074	0.05527965980069492
2.8330408649750125	0.051979381603638505
2.8341967364009513	0.05775486844848723
2.8353526078268896	0.07013091168744878
2.836508479252828	0.06683063349039237
2.837664350678766	0.0767314680815616
2.8388202221047045	0.08085681582788212
2.839976093530643	0.08910751132052315
2.8411319649565816	0.08415709402493854
2.84228783638252	0.07013091168744878
2.8434437078084582	0.07838160718008981
2.8445995792343965	0.06765570303965647
2.845755450660335	0.07013091168744878
2.8469113220862736	0.08910751132052315
2.848067193512212	0.06848077258892057
2.8492230649381503	0.0726061203352411
2.8503789363640886	0.0775565376308257
2.851534807790027	0.09240778951757957
2.852690679215965	0.08580723312346675
2.853846550641904	0.09075765041905136
2.8550024220678423	0.11055931960138984
2.8561582934937806	0.09983341546095649
2.857314164919719	0.10478383275654111
2.858470036345657	0.11138438915065395
2.859625907771596	0.10725904140433343
2.8607817791975343	0.0990083459116924
2.8619376506234726	0.11550973689697445
2.863093522049411	0.10560890230580522
2.8642493934753492	0.11633480644623856
2.865405264901288	0.11385959779844625
2.8665611363272263	0.10890918050286164
2.8677170077531646	0.12788578013593602
2.868872879179103	0.11633480644623856
2.8700287506050413	0.11881001509403087
2.8711846220309796	0.12293536284035139
2.8723404934569183	0.12953591923446423
2.8734963648828566	0.13778661472710524
2.874652236308795	0.11138438915065395
2.8758081077347333	0.11138438915065395
2.8769639791606716	0.1509877275153309
2.8781198505866104	0.13118605833299243
2.8792757220125487	0.13366126698078473
2.880431593438487	0.1765648835425181
2.8815874648644253	0.16418884030355654
2.8827433362903636	0.14686237976901037
2.883899207716302	0.15676321436017962
2.8850550791422407	0.15923842300797192
2.886210950568179	0.17078939669766938
2.8873668219941173	0.16006349255723604
2.8885226934200556	0.17326460534546168
2.889678564845994	0.17243953579619758
2.8908344362719327	0.18316543993663092
2.891990307697871	0.16006349255723604
2.8931461791238093	0.19471641362632838
2.8943020505497477	0.18811585723221555
2.895457921975686	0.20874259596381814
2.8966137934016247	0.19389134407706426
2.897769664827563	0.223593847850572
2.8989255362535014	0.2013169700204412
2.9000814076794397	0.21616822190719506
2.901237279105378	0.18811585723221555
2.9023931505313163	0.2062673873160258
2.903549021957255	0.23184454334321303
2.9047048933831934	0.20874259596381814
2.9058607648091317	0.21864343055498736
2.90701663623507	0.23762003018806174
2.9081725076610083	0.26319718621524896
2.909328379086947	0.25907183846892845
2.9104842505128854	0.2549464907226079
2.9116401219388237	0.24669579522996687
2.912795993364762	0.26897267306009764
2.9139518647907003	0.27227295125715406
2.915107736216639	0.2772233685527387
2.9162636076425774	0.28382392494685155
2.9174194790685157	0.2491710038777592
2.918575350494454	0.26319718621524896
2.9197312219203924	0.28382392494685155
2.9208870933463307	0.3077509418755105
2.9220429647722694	0.2854740640453797
2.9231988361982078	0.31187628962183106
2.924354707624146	0.31187628962183106
2.9255105790500844	0.31847684601594384
2.9266664504760227	0.34075372384607466
2.9278223219019615	0.3267275415085849
2.9289781933278998	0.31187628962183106
2.930134064753838	0.3308528892549054
2.9312899361797764	0.34075372384607466
2.9324458076057147	0.3523046975357721
2.933601679031653	0.3605553930284131
2.934757550457592	0.38200720130927984
2.93591342188353	0.38283227085854393
2.9370692933094684	0.39025789680192086
2.9382251647354067	0.39520831409750545
2.939381036161345	0.39108296635118495
2.940536907587284	0.41418491373057986
2.941692779013222	0.44388741750408756
2.9428486504391604	0.4282110960680696
2.9440045218650988	0.43151137426512604
2.945160393291037	0.44388741750408756
2.946316264716976	0.44388741750408756
2.947472136142914	0.4488378347996722
2.9486280075688525	0.48101554722097223
2.9497838789947908	0.4785403385731799
2.950939750420729	0.5222690246841774
2.9520956218466674	0.49669186865699017
2.953251493272606	0.5197938160363851
2.9544073646985445	0.5140183291915363
2.955563236124483	0.5371202765709312
2.956719107550421	0.5659977107951748
2.9578749789763594	0.5626974325981184
2.959030850402298	0.5973503536672108
2.9601867218282365	0.5767236149356082
2.961342593254175	0.5767236149356082
2.962498464680113	0.5494963198098928
2.9636543361060514	0.5948751450194184
2.9648102075319898	0.6064261187091159
2.9659660789579285	0.6237525792436621
2.967121950383867	0.6922333518325826
2.968277821809805	0.67160661310098
2.9694336932357435	0.6955336300296391
2.970589564661682	0.6897581431847903
2.9717454360876205	0.6790322390443569
2.972901307513559	0.7136851601134493
2.974057178939497	0.7244110642538827
2.9752130503654355	0.7763904458575211
2.976368921791374	0.7681397503648801
2.9775247932173126	0.8102182973773494
2.978680664643251	0.8044428105325007
2.979836536069189	0.7722650981112007
2.9809924074951275	0.8003174627861802
2.982148278921066	0.8102182973773494
2.983304150347004	0.8778740004170059
2.984460021772943	0.8440461488971777
2.985615893198881	0.9166522692324187
2.9867717646248195	0.9174773387816828
2.987927636050758	0.9249029647250597
2.989083507476696	0.9620310944419445
2.990239378902635	0.8993258086978726
2.9913952503285732	0.9570806771463598
2.9925511217545115	0.9686316508360573
2.99370699318045	0.9876082504691316
2.994862864606388	1.0981675700705213
2.996018736032327	1.047838327565411
2.9971746074582652	1.0098851282992625
2.9983304788842036	1.0882667354793523
2.999486350310142	1.1064182655631625
3.00064222173608	1.1303452824918214
3.0017980931620185	1.2120271678689678
3.0029539645879573	1.223578141558665
3.0041098360138956	1.2268784197557216
3.005265707439834	1.2524555757829088
3.006421578865772	1.1963508464329498
3.0075774502917105	1.2499803671351164
3.0087333217176493	1.2978344009924345
3.0098891931435876	1.3654901040320908
3.011045064569526	1.316811000625509
3.0122009359954642	1.2912338445983216
3.0133568074214026	1.381991495017373
3.014512678847341	1.3811664254681089
3.0156685502732796	1.3597146171872423
3.016824421699218	1.4257201811283704
3.0179802931251563	1.4438717112121808
3.0191361645510946	1.5057519274069884
3.020292035977033	1.4710990063378961
3.0214479074029716	1.5833084650378142
3.02260377882891	1.6014599951216244
3.0237596502548483	1.5428800571238732
3.0249155216807866	1.6262120815995476
3.026071393106725	1.6724159763583373
3.0272272645326637	1.6262120815995476
3.028383135958602	1.741721818496522
3.0295390073845403	1.7210950797649194
3.0306948788104786	1.813502869282499
3.031850750236417	1.8151530083810272
3.0330066216623552	1.78957585235384
3.034162493088294	1.8572315553934964
3.0353183645142323	1.88610898961774
3.0364742359401706	1.9397385103199067
3.037630107366109	1.9067357283493427
3.0387859787920473	1.9389134407706428
3.039941850217986	2.021420395697053
3.0410977216439243	2.0502978299212966
3.0422535930698626	2.0255457434433737
3.043409464495801	2.164157427719743
3.0445653359217393	2.095676655130822
3.0457212073476776	2.2252125743652864
3.0468770787736164	2.22191229616823
3.0480329501995547	2.2895679992078866
3.049188821625493	2.2887429296586226
3.0503446930514313	2.276366886419661
3.0515005644773696	2.2961685556019993
3.0526564359033084	2.344022589459317
3.0538123073292467	2.363824258641656
3.054968178755185	2.4116782924989737
3.0561240501811233	2.4727334391445175
3.0572799216070616	2.4677830218489327
3.0584357930330004	2.5370888639871176
3.0595916644589387	2.597318941083397
3.060747535884877	2.7037529129384663
3.0619034073108153	2.6690999918693743
3.0630592787367537	2.694677147896561
3.064215150162692	2.708703330234051
3.0653710215886307	2.8662916141434946
3.066526893014569	2.853090501355269
3.0676827644405074	2.8654665445942307
3.0688386358664457	2.9760258641956203
3.069994507292384	2.9182709957471333
3.0711503787183227	3.0296553848977874
3.072306250144261	3.126188522161687
3.0734621215701994	2.9768509337448847
3.0746179929961377	3.2482988154527748
3.075773864422076	3.227672076721172
3.0769297358480148	3.2227216594255874
3.078085607273953	3.2400481199601336
3.0792414786998914	3.268100484635113
3.0803973501258297	3.2689255541843774
3.081553221551768	3.394336125672521
3.0827090929777063	3.4298141162908773
3.083864964403645	3.5354230185966826
3.0850208358295834	3.5032453061753825
3.0861767072555217	3.5081957234709673
3.08733257868146	3.5841021220032645
3.0884884501073984	3.554399618229757
3.089644321533337	3.6641338682818825
3.0908001929592754	3.674034702873052
3.0919560643852138	3.833273125881024
3.093111935811152	3.8605004210067393
3.0942678072370904	3.753241379602406
3.0954236786630287	3.865450838302324
3.0965795500889675	3.8935032029773033
3.0977354215149058	3.8605004210067393
3.098891292940844	4.055216834633067
3.1000471643667824	4.1170970508278755
3.1012030357927207	4.014788426719127
3.1023589072186595	4.133598441813158
3.103514778644598	4.176502058374891
3.104670650070536	4.23673213547117
3.1058265214964744	4.319239090397581
3.1069823929224127	4.297787282116714
3.1081382643483515	4.433923757745291
3.10929413577429	4.441349383688668
3.110450007200228	4.513955504023909
3.1116058786261664	4.557684190134906
3.1127617500521048	4.556859120585642
3.113917621478043	4.5469582859944735
3.115073492903982	4.693820665763483
3.11622936432992	4.680619552975258
3.1173852357558585	4.734249073677424
3.118541107181797	4.69712094396054
3.119696978607735	4.805205054914137
3.120852850033674	4.730948795480368
3.122008721459612	4.886886940291284
3.1231645928855505	4.810980541758986
3.124320464311489	4.874510897052322
3.125476335737427	4.869560479756737
3.126632207163366	4.923190000458904
3.127788078589304	4.872860757953794
3.1289439500152425	5.033749320060294
3.130099821441181	5.01889806817354
3.131255692867119	5.031274111412502
3.1324115642930574	5.082428423466876
3.133567435718996	5.089854049410253
3.1347233071449345	5.104705301297007
3.135879178570873	5.0675771715801226
3.137035049996811	5.301896923571127
3.1381909214227495	5.266418932952771
3.1393467928486882	5.16163510019623
3.1405026642746265	5.240841776925584
3.141658535700565	5.269719211149828
3.142814407126503	5.254867959263073
3.1439702785524415	5.458660137931307
3.14512614997838	5.348100818329917
3.1462820214043186	5.328299149147579
3.147437892830257	5.348925887879181
3.148593764256195	5.407505825876933
3.1497496356821335	5.37285290480784
3.150905507108072	5.372027835258576
3.1520613785340106	5.473511389818061
3.153217249959949	5.443808886044553
3.154373121385887	5.277969906642468
3.1555289928118255	5.490837850352607
3.156684864237764	5.378628391652689
3.1578407356637026	5.3662523484137274
3.158996607089641	5.329949288246107
3.1601524785155792	5.49743840674672
3.1613083499415175	5.376978252554161
3.162464221367456	5.3423253314850685
3.163620092793394	5.3415002619358045
3.164775964219333	5.4289576341578
3.1659318356452713	5.351401096526974
3.1670877070712096	5.38275373939901
3.168243578497148	5.292821158529223
3.169399449923086	5.233416150982207
3.170555321349025	5.339850122837277
3.1717111927749633	5.320873523204202
3.1728670642009016	5.3431504010343325
3.17402293562684	5.400080199933556
3.175178807052778	5.093979397156573
3.1763346784787165	5.192162673519002
3.1774905499046553	5.098104744902894
3.1786464213305936	5.1154312054374405
3.179802292756532	5.141008361464627
3.1809581641824702	5.163285239294758
3.1821140356084086	5.277144837093204
3.1832699070343473	5.0923292580580455
3.1844257784602856	5.020548207272069
3.185581649886224	4.9124640963184705
3.1867375213121623	4.99662119034341
3.1878933927381006	4.892662427136132
3.1890492641640393	4.711972195847294
3.1902051355899776	4.791178872576648
3.191361007015916	4.742499769170066
3.1925168784418543	4.7730273424928376
3.1936727498677926	4.725998378184784
3.194828621293731	4.623689754076035
3.1959844927196697	4.63276551911794
3.197140364145608	4.535407312304776
3.1982962355715463	4.575835720218716
3.1994521069974846	4.3439911768755035
3.200607978423423	4.436398966393083
3.2017638498493617	4.429798409998971
3.2029197212753	4.19052824071238
3.2040755927012383	4.261484221949093
3.2052314641271766	4.148449693699911
3.206387335553115	4.089044686152896
3.2075432069790537	4.0486162782389545
3.208699078404992	3.890202924780247
3.2098549498309303	3.8324480563317596
3.2110108212568687	3.8596753514574753
3.212166692682807	3.713638041237729
3.2133225641087453	3.7111628325899364
3.214478435534684	3.5659505919194543
3.2156343069606224	3.505720514823175
3.2167901783865607	3.5098458625694953
3.217946049812499	3.41826314260118
3.2191019212384373	3.443840298628367
3.220257792664376	3.252424163199095
3.2214136640903144	3.258199650043944
3.2225695355162527	3.188068738356495
3.223725406942191	3.1509406086396106
3.2248812783681293	3.1113372702749333
3.2260371497940676	2.979326142392677
3.2271930212200064	2.8860932833258333
3.2283488926459447	2.883618074678041
3.229504764071883	2.869591892340551
3.2306606354978213	2.6542487399826205
3.2318165069237597	2.7029278433892023
3.2329723783496984	2.522237612100364
3.2341282497756367	2.5280130989452125
3.235284121201575	2.4859345519327434
3.2364399926275134	2.363824258641656
3.2375958640534517	2.348147937205638
3.2387517354793904	2.2318131307593996
3.2399076069053288	2.1724081232123837
3.241063478331267	2.1394053412418197
3.2422193497572054	2.0973267942293505
3.2433752211831437	1.9488142753618118
3.244531092609082	2.0032688656132427
3.2456869640350208	1.8506309989993837
3.246842835460959	1.870432668181722
3.2479987068868974	1.7747246004670862
3.2491545783128357	1.78957585235384
3.250310449738774	1.7070688974274297
3.251466321164713	1.6171363165576425
3.252622192590651	1.5222533183922706
3.2537780640165894	1.4347959461702755
3.2549339354425277	1.452947476254086
3.256089806868466	1.333312391610791
3.2572456782944044	1.3473385739482806
3.258401549720343	1.2516305062336446
3.2595574211462814	1.2450299498395319
3.2607132925722198	1.2524555757829088
3.261869163998158	1.1773742467998753
3.2630250354240964	1.111368682858747
3.264180906850035	1.0362873538757138
3.2653367782759735	1.0602143708043728
3.2664926497019118	0.9843079722720752
3.26764852112785	0.9315035211191726
3.2688043925537884	0.8613726094317238
3.269960263979727	0.8192940624192545
3.2711161354056655	0.839095731601593
3.272272006831604	0.7945419759413315
3.273427878257542	0.7565887766751827
3.2745837496834804	0.7219358556060904
3.2757396211094187	0.7062595341700724
3.2768954925353575	0.5874495190760415
3.278051363961296	0.6427291788767364
3.279207235387234	0.590749797273098
3.2803631068131724	0.5552718066547415
3.2815189782391108	0.5049425641496312
3.2826748496650495	0.4983420077555184
3.283830721090988	0.4579135998415773
3.284986592516926	0.46038880848936964
3.2861424639428645	0.4546133216445209
3.287298335368803	0.43893700020850296
3.2884542067947415	0.3787069231122234
3.28961007822068	0.3531297670850362
3.290765949646618	0.34652921069092335
3.2919218210725565	0.3506545584372439
3.293077692498495	0.31600163736815157
3.294233563924433	0.295374898636549
3.295389435350372	0.279698577200531
3.29654530677631	0.26814760351083355
3.2977011782022485	0.24504565613143867
3.298857049628187	0.2508211429762874
3.300012921054125	0.22029356965351557
3.301168792480064	0.20956766551308223
3.302324663906002	0.19059106588000785
3.3034805353319405	0.18811585723221555
3.304636406757879	0.175739813993254
3.305792278183817	0.13696154517784115
3.3069481496097555	0.1699643271484053
3.3081040210356942	0.14026182337489757
3.3092598924616325	0.13118605833299243
3.310415763887571	0.1262356410374078
3.311571635313509	0.11550973689697445
3.3127275067394475	0.11303452824918214
3.3138833781653863	0.09323285906684367
3.3150392495913246	0.08415709402493854
3.316195121017263	0.09488299816537188
3.317350992443201	0.08663230267273084
3.3185068638691395	0.07013091168744878
3.3196627352950783	0.06518049439186416
3.3208186067210166	0.06270528574407185
3.321974478146955	0.06023007709627954
3.323130349572893	0.05692979889922312
3.3242862209988315	0.04702896430805389
3.32544209242477	0.0503292425051103
3.3265979638507086	0.04042840791394106
3.327753835276647	0.041253477463205165
3.3289097067025852	0.03547799061835644
3.3300655781285236	0.030527573322771822
3.331221449554462	0.03217771242130003
3.3323773209804006	0.0247520864779231
3.333533192406339	0.026402225576451305
3.3346890638322773	0.03465292106909234
3.3358449352582156	0.02722729512571541
3.337000806684154	0.018976599633074374
3.338156678110092	0.016501390985282065
3.339312549536031	0.014851251886753859
3.3404684209619693	0.018976599633074374
3.3416242923879076	0.009075765041905137
3.342780163813846	0.010725904140433343
3.343936035239784	0.011550973689697446
3.345091906665723	0.01980166918233848
3.3462477780916613	0.009075765041905137
3.3474036495175996	0.00990083459116924
3.348559520943538	0.008250695492641033
3.3497153923694762	0.01237604323896155
3.350871263795415	0.006600556394112826
3.3520271352213533	0.006600556394112826
3.3531830066472916	0.009075765041905137
3.35433887807323	0.0016501390985282065
3.3554947494991683	0.0074256259433769295
3.3566506209251066	0.004125347746320516
3.3578064923510453	0.00495041729558462
3.3589623637769837	0.00247520864779231
3.360118235202922	0.003300278197056413
3.3612741066288603	0.0016501390985282065
3.3624299780547986	0.0
3.3635858494807374	0.00247520864779231
3.3647417209066757	0.0008250695492641033
3.365897592332614	0.00247520864779231
3.3670534637585523	0.003300278197056413
3.3682093351844906	0.0
3.3693652066104294	0.0008250695492641033
3.3705210780363677	0.0008250695492641033
3.371676949462306	0.0016501390985282065
3.3728328208882443	0.0
3.3739886923141826	0.0
3.375144563740121	0.0008250695492641033
3.3763004351660597	0.0
3.377456306591998	0.0008250695492641033
3.3786121780179363	0.0008250695492641033
3.3797680494438747	0.0
3.380923920869813	0.0
3.3820797922957517	0.0
3.38323566372169	0.0016501390985282065
3.3843915351476284	0.0
3.3855474065735667	0.0
3.386703277999505	0.0
3.3878591494254433	0.0
3.389015020851382	0.0
3.3901708922773204	0.0
3.3913267637032587	0.0
3.392482635129197	0.0
3.3936385065551353	0.0
3.394794377981074	0.0
3.3959502494070124	0.0
3.3971061208329507	0.0
3.398261992258889	0.0
3.3994178636848273	0.0
3.400573735110766	0.0
3.4017296065367044	0.0
3.4028854779626427	0.0
3.404041349388581	0.0
3.4051972208145194	0.0
3.4063530922404577	0.0
3.4075089636663964	0.0
3.4086648350923348	0.0
3.409820706518273	0.0
3.4109765779442114	0.0
3.4121324493701497	0.0
3.4132883207960885	0.0
3.4144441922220268	0.0
3.415600063647965	0.0
3.4167559350739034	0.0
3.4179118064998417	0.0
3.41906767792578	0.0
3.420223549351719	0.0
3.421379420777657	0.0
3.4225352922035954	0.0
3.4236911636295337	0.0
3.424847035055472	0.0
3.426002906481411	0.0
3.427158777907349	0.0
3.4283146493332874	0.0
3.4294705207592258	0.0
3.430626392185164	0.0
3.431782263611103	0.0
3.432938135037041	0.0
3.4340940064629795	0.0
3.435249877888918	0.0
3.436405749314856	0.0
3.4375616207407944	0.0
3.438717492166733	0.0
3.4398733635926715	0.0
3.44102923501861	0.0
3.442185106444548	0.0
3.4433409778704864	0.0
3.444496849296425	0.0
3.4456527207223635	0.0
3.446808592148302	0.0
3.44796446357424	0.0
3.4491203350001785	0.0
3.450276206426117	0.0
3.4514320778520555	0.0
3.452587949277994	0.0
3.453743820703932	0.0
3.4548996921298705	0.0
3.456055563555809	0.0
3.4572114349817475	0.0
3.458367306407686	0.0
3.459523177833624	0.0
3.4606790492595625	0.0
3.461834920685501	0.0
3.4629907921114396	0.0
3.464146663537378	0.0
3.465302534963316	0.0
3.4664584063892545	0.0
3.467614277815193	0.0
3.468770149241131	0.0
3.46992602066707	0.0
3.471081892093008	0.0
3.4722377635189465	0.0
3.473393634944885	0.0
3.474549506370823	0.0
3.475705377796762	0.0
3.4768612492227002	0.0
3.4780171206486385	0.0
3.479172992074577	0.0
3.480328863500515	0.0
3.481484734926454	0.0
3.4826406063523923	0.0
3.4837964777783306	0.0
3.484952349204269	0.0
3.486108220630207	0.0
3.4872640920561455	0.0
3.4884199634820843	0.0
3.4895758349080226	0.0
3.490731706333961	0.0
3.491887577759899	0.0
3.4930434491858375	0.0
3.4941993206117763	0.0
3.4953551920377146	0.0
3.496511063463653	0.0
3.4976669348895912	0.0
3.4988228063155296	0.0
3.4999786777414683	0.0
3.5011345491674066	0.0
3.502290420593345	0.0
3.5034462920192833	0.0
3.5046021634452216	0.0
3.50575803487116	0.0
3.5069139062970986	0.0
3.508069777723037	0.0
3.5092256491489753	0.0
3.5103815205749136	0.0
3.511537392000852	0.0
3.5126932634267907	0.0
3.513849134852729	0.0
3.5150050062786673	0.0
3.5161608777046056	0.0
3.517316749130544	0.0
3.5184726205564822	0.0
3.519628491982421	0.0
3.5207843634083593	0.0
3.5219402348342976	0.0
3.523096106260236	0.0
3.5242519776861743	0.0
3.525407849112113	0.0
3.5265637205380513	0.0
3.5277195919639897	0.0
3.528875463389928	0.0
3.5300313348158663	0.0
3.531187206241805	0.0
3.5323430776677434	0.0
3.5334989490936817	0.0
3.53465482051962	0.0
3.5358106919455583	0.0
3.5369665633714966	0.0
3.5381224347974354	0.0
3.5392783062233737	0.0
3.540434177649312	0.0
3.5415900490752503	0.0
3.5427459205011886	0.0
3.5439017919271274	0.0
3.5450576633530657	0.0
3.546213534779004	0.0
3.5473694062049423	0.0
3.5485252776308807	0.0
3.549681149056819	0.0
3.5508370204827577	0.0
3.551992891908696	0.0
3.5531487633346344	0.0
3.5543046347605727	0.0
3.555460506186511	0.0
3.5566163776124498	0.0
3.557772249038388	0.0
3.5589281204643264	0.0
3.5600839918902647	0.0
3.561239863316203	0.0
3.5623957347421418	0.0
3.56355160616808	0.0
3.5647074775940184	0.0
3.5658633490199567	0.0
3.567019220445895	0.0
3.5681750918718333	0.0
3.569330963297772	0.0
3.5704868347237104	0.0
3.5716427061496487	0.0
3.572798577575587	0.0
3.5739544490015254	0.0
3.575110320427464	0.0
3.5762661918534024	0.0
3.5774220632793408	0.0
3.578577934705279	0.0
3.5797338061312174	0.0
3.580889677557156	0.0
3.5820455489830945	0.0
3.583201420409033	0.0
3.584357291834971	0.0
3.5855131632609094	0.0
3.5866690346868477	0.0
3.5878249061127865	0.0
3.588980777538725	0.0
3.590136648964663	0.0
3.5912925203906014	0.0
3.5924483918165397	0.0
3.5936042632424785	0.0
3.594760134668417	0.0
3.595916006094355	0.0
3.5970718775202934	0.0
3.5982277489462318	0.0
3.59938362037217	0.0
3.600539491798109	0.0
3.601695363224047	0.0
3.6028512346499855	0.0
3.604007106075924	0.0
3.605162977501862	0.0
3.606318848927801	0.0
3.607474720353739	0.0
3.6086305917796775	0.0
3.609786463205616	0.0
3.610942334631554	0.0
3.612098206057493	0.0
3.613254077483431	0.0
3.6144099489093695	0.0
3.615565820335308	0.0
3.616721691761246	0.0
3.6178775631871845	0.0
3.619033434613123	0.0
3.6201893060390615	0.0
3.621345177465	0.0
3.622501048890938	0.0
3.6236569203168765	0.0
3.6248127917428152	0.0
3.6259686631687535	0.0
3.627124534594692	0.0
3.62828040602063	0.0
3.6294362774465685	0.0
3.630592148872507	0.0
3.6317480202984456	0.0
3.632903891724384	0.0
3.634059763150322	0.0
3.6352156345762605	0.0
3.636371506002199	0.0
3.6375273774281376	0.0
3.638683248854076	0.0
3.639839120280014	0.0
3.6409949917059525	0.0
3.642150863131891	0.0
3.6433067345578296	0.0
3.644462605983768	0.0
3.6456184774097062	0.0
3.6467743488356446	0.0
3.647930220261583	0.0
3.649086091687521	0.0
3.65024196311346	0.0
3.6513978345393983	0.0
3.6525537059653366	0.0
3.653709577391275	0.0
3.654865448817213	0.0
3.656021320243152	0.0
3.6571771916690903	0.0
3.6583330630950286	0.0
3.659488934520967	0.0
3.6606448059469052	0.0
3.661800677372844	0.0
3.6629565487987823	0.0
3.6641124202247206	0.0
3.665268291650659	0.0
3.6664241630765972	0.0
3.6675800345025356	0.0
3.6687359059284743	0.0
3.6698917773544126	0.0
3.671047648780351	0.0
3.6722035202062893	0.0
3.6733593916322276	0.0
3.6745152630581663	0.0
3.6756711344841047	0.0
3.676827005910043	0.0
3.6779828773359813	0.0
3.6791387487619196	0.0
3.680294620187858	0.0
3.6814504916137967	0.0
3.682606363039735	0.0
3.6837622344656733	0.0
3.6849181058916116	0.0
3.68607397731755	0.0
3.6872298487434887	0.0
3.688385720169427	0.0
3.6895415915953653	0.0
3.6906974630213036	0.0
3.691853334447242	0.0
3.6930092058731807	0.0
3.694165077299119	0.0
3.6953209487250573	0.0
3.6964768201509957	0.0
3.697632691576934	0.0
3.6987885630028723	0.0
3.699944434428811	0.0
3.7011003058547494	0.0
3.7022561772806877	0.0
3.703412048706626	0.0
3.7045679201325643	0.0
3.705723791558503	0.0
3.7068796629844414	0.0
3.7080355344103797	0.0
3.709191405836318	0.0
3.7103472772622563	0.0
3.7115031486881946	0.0
3.7126590201141334	0.0
3.7138148915400717	0.0
3.71497076296601	0.0
3.7161266343919483	0.0
3.7172825058178867	0.0
3.7184383772438254	0.0
3.7195942486697637	0.0
3.720750120095702	0.0
3.7219059915216404	0.0
3.7230618629475787	0.0
3.7242177343735174	0.0
3.7253736057994558	0.0
3.726529477225394	0.0
3.7276853486513324	0.0
3.7288412200772707	0.0
3.729997091503209	0.0
3.7311529629291478	0.0
3.732308834355086	0.0
3.7334647057810244	0.0
3.7346205772069627	0.0
3.735776448632901	0.0
3.73693232005884	0.0
3.738088191484778	0.0
3.7392440629107164	0.0
3.7403999343366547	0.0
3.741555805762593	0.0
3.742711677188532	0.0
3.74386754861447	0.0
3.7450234200404084	0.0
3.7461792914663468	0.0
3.747335162892285	0.0
3.7484910343182234	0.0
3.749646905744162	0.0
3.7508027771701005	0.0
3.751958648596039	0.0
3.753114520021977	0.0
3.7542703914479154	0.0
3.755426262873854	0.0
3.7565821342997925	0.0
3.757738005725731	0.0
3.758893877151669	0.0
3.7600497485776074	0.0
3.7612056200035457	0.0
3.7623614914294845	0.0
3.763517362855423	0.0
3.764673234281361	0.0
3.7658291057072995	0.0
3.7669849771332378	0.0
3.7681408485591765	0.0
3.769296719985115	0.0
3.770452591411053	0.0
3.7716084628369915	0.0
3.77276433426293	0.0
3.7739202056888685	0.0
3.775076077114807	0.0
3.776231948540745	0.0
3.7773878199666835	0.0
3.778543691392622	0.0
3.77969956281856	0.0
3.780855434244499	0.0
3.782011305670437	0.0
3.7831671770963755	0.0
3.784323048522314	0.0
3.785478919948252	0.0
3.786634791374191	0.0
3.787790662800129	0.0
3.7889465342260675	0.0
3.790102405652006	0.0
3.791258277077944	0.0
3.792414148503883	0.0
3.7935700199298212	0.0
3.7947258913557596	0.0
3.795881762781698	0.0
3.797037634207636	0.0
3.7981935056335745	0.0
3.7993493770595133	0.0
3.8005052484854516	0.0
3.80166111991139	0.0
3.802816991337328	0.0
3.8039728627632665	0.0
3.8051287341892053	0.0
3.8062846056151436	0.0
3.807440477041082	0.0
3.80859634846702	0.0
3.8097522198929585	0.0
3.810908091318897	0.0
3.8120639627448356	0.0
3.813219834170774	0.0
3.8143757055967122	0.0
3.8155315770226506	0.0
3.816687448448589	0.0
3.8178433198745276	0.0
3.818999191300466	0.0
3.8201550627264043	0.0
3.8213109341523426	0.0
3.822466805578281	0.0
3.8236226770042196	0.0
3.824778548430158	0.0
3.8259344198560963	0.0
3.8270902912820346	0.0
3.828246162707973	0.0
3.8294020341339112	0.0
3.83055790555985	0.0
3.8317137769857883	0.0
3.8328696484117266	0.0
3.834025519837665	0.0
3.8351813912636032	0.0
3.836337262689542	0.0
3.8374931341154803	0.0
3.8386490055414186	0.0
3.839804876967357	0.0
3.8409607483932953	0.0
3.8421166198192336	0.0
3.8432724912451723	0.0
3.8444283626711107	0.0
3.845584234097049	0.0
3.8467401055229873	0.0
3.8478959769489256	0.0
3.8490518483748644	0.0
3.8502077198008027	0.0
3.851363591226741	0.0
3.8525194626526793	0.0
3.8536753340786176	0.0
3.8548312055045564	0.0
3.8559870769304947	0.0
3.857142948356433	0.0
3.8582988197823713	0.0
3.8594546912083096	0.0
3.860610562634248	0.0
3.8617664340601867	0.0
3.862922305486125	0.0
3.8640781769120633	0.0
3.8652340483380017	0.0
3.86638991976394	0.0
3.8675457911898787	0.0
3.868701662615817	0.0
3.8698575340417554	0.0
3.8710134054676937	0.0
3.872169276893632	0.0
3.8733251483195708	0.0
3.874481019745509	0.0
3.8756368911714474	0.0
3.8767927625973857	0.0
3.877948634023324	0.0
3.8791045054492623	0.0
3.880260376875201	0.0
3.8814162483011394	0.0
3.8825721197270777	0.0
3.883727991153016	0.0
3.8848838625789543	0.0
3.886039734004893	0.0
3.8871956054308314	0.0
3.8883514768567697	0.0
3.889507348282708	0.0
3.8906632197086464	0.0
3.8918190911345847	0.0
3.8929749625605234	0.0
3.8941308339864618	0.0
3.8952867054124	0.0
3.8964425768383384	0.0
3.8975984482642767	0.0
3.8987543196902155	0.0
3.899910191116154	0.0
3.901066062542092	0.0
3.9022219339680304	0.0
3.9033778053939687	0.0
3.9045336768199075	0.0
3.905689548245846	0.0
3.906845419671784	0.0
3.9080012910977224	0.0
3.9091571625236607	0.0
3.910313033949599	0.0
3.911468905375538	0.0
3.912624776801476	0.0
3.9137806482274144	0.0
3.9149365196533528	0.0
3.916092391079291	0.0
3.91724826250523	0.0
3.918404133931168	0.0
3.9195600053571065	0.0
3.920715876783045	0.0
3.921871748208983	0.0
3.9230276196349214	0.0
3.92418349106086	0.0
3.9253393624867985	0.0
3.926495233912737	0.0
3.927651105338675	0.0
3.9288069767646134	0.0
3.929962848190552	0.0
3.9311187196164905	0.0
3.932274591042429	0.0
3.933430462468367	0.0
3.9345863338943055	0.0
3.935742205320244	0.0
3.9368980767461825	0.0
3.938053948172121	0.0
3.939209819598059	0.0
3.9403656910239975	0.0
3.941521562449936	0.0
3.9426774338758745	0.0
3.943833305301813	0.0
3.944989176727751	0.0
3.9461450481536895	0.0
3.947300919579628	0.0
3.9484567910055666	0.0
3.949612662431505	0.0
3.950768533857443	0.0
3.9519244052833815	0.0
3.95308027670932	0.0
3.9542361481352586	0.0
3.955392019561197	0.0
3.956547890987135	0.0
3.9577037624130735	0.0
3.958859633839012	0.0
3.96001550526495	0.0
3.961171376690889	0.0
3.9623272481168272	0.0
3.9634831195427656	0.0
3.964638990968704	0.0
3.965794862394642	0.0
3.966950733820581	0.0
3.9681066052465193	0.0
3.9692624766724576	0.0
3.970418348098396	0.0
3.971574219524334	0.0
3.9727300909502725	0.0
3.9738859623762113	0.0
3.9750418338021496	0.0
3.976197705228088	0.0
3.9773535766540262	0.0
3.9785094480799645	0.0
3.9796653195059033	0.0
3.9808211909318416	0.0
3.98197706235778	0.0
3.9831329337837182	0.0
3.9842888052096566	0.0
3.9854446766355953	0.0
3.9866005480615336	0.0
3.987756419487472	0.0
3.9889122909134103	0.0
3.9900681623393486	0.0
3.991224033765287	0.0
3.9923799051912257	0.0
3.993535776617164	0.0
3.9946916480431023	0.0
3.9958475194690406	0.0
3.997003390894979	0.0
3.9981592623209177	0.0
3.999315133746856	0.0
4.000471005172794	0.0
4.001626876598733	0.0
4.002782748024671	0.0
4.00393861945061	0.0
4.005094490876548	0.0
4.006250362302486	0.0
4.007406233728425	0.0
4.008562105154363	0.0
4.009717976580301	0.0
4.01087384800624	0.0
4.012029719432178	0.0
4.013185590858116	0.0
4.014341462284055	0.0
4.015497333709994	0.0
4.016653205135932	0.0
4.01780907656187	0.0
4.018964947987809	0.0
4.020120819413747	0.0
4.021276690839685	0.0
4.022432562265624	0.0
4.023588433691562	0.0
4.0247443051175	0.0
4.0259001765434395	0.0
4.027056047969378	0.0
4.028211919395316	0.0
4.029367790821254	0.0
4.030523662247193	0.0
4.031679533673131	0.0
4.032835405099069	0.0
4.033991276525008	0.0
4.035147147950946	0.0
4.036303019376884	0.0
4.037458890802823	0.0
4.038614762228762	0.0
4.0397706336547	0.0
4.040926505080638	0.0
4.042082376506577	0.0
4.043238247932515	0.0
