0.0	0.0
0.0058406680074063345	0.0
0.011681336014812669	0.0
0.017522004022219	0.0
0.023362672029625338	0.0
0.029203340037031664	0.0
0.035044008044438	0.0
0.040884676051844336	0.0
0.046725344059250676	0.0
0.052566012066657	0.0
0.05840668007406333	0.0
0.06424734808146966	0.0
0.070088016088876	0.0
0.07592868409628234	0.0
0.08176935210368867	0.0
0.087610020111095	0.0
0.09345068811850135	0.0
0.09929135612590767	0.0
0.105132024133314	0.0
0.11097269214072034	0.0
0.11681336014812665	0.0
0.122654028155533	0.0
0.12849469616293932	0.0
0.13433536417034567	0.0
0.140176032177752	0.0
0.14601670018515836	0.0
0.15185736819256468	0.0
0.157698036199971	0.0
0.16353870420737734	0.0
0.16937937221478366	0.0
0.17522004022219	0.0
0.18106070822959636	0.0
0.1869013762370027	0.0
0.192742044244409	0.0
0.19858271225181534	0.0
0.20442338025922166	0.0
0.210264048266628	0.0
0.21610471627403435	0.0
0.22194538428144067	0.0
0.22778605228884702	0.0
0.2336267202962533	0.0
0.23946738830365966	0.0
0.245308056311066	0.0
0.2511487243184723	0.0
0.25698939232587864	0.0
0.26283006033328504	0.0
0.26867072834069133	0.0
0.2745113963480977	0.0
0.280352064355504	0.0
0.2861927323629104	0.0
0.2920334003703167	0.0
0.297874068377723	0.0
0.30371473638512936	0.0
0.30955540439253565	0.0
0.315396072399942	0.0
0.32123674040734834	0.0
0.3270774084147547	0.0
0.33291807642216104	0.0
0.3387587444295673	0.0
0.3445994124369737	0.0
0.35044008044438	0.0
0.3562807484517863	0.0
0.3621214164591927	0.0
0.367962084466599	0.0
0.3738027524740054	0.0
0.37964342048141164	0.0
0.385484088488818	0.0
0.39132475649622434	0.0
0.3971654245036307	0.0
0.40300609251103703	0.0
0.4088467605184433	0.0
0.4146874285258496	0.0
0.420528096533256	0.0
0.4263687645406624	0.0
0.4322094325480687	0.0
0.438050100555475	0.0
0.44389076856288134	0.0
0.4497314365702877	0.0
0.45557210457769404	0.0
0.4614127725851004	0.0
0.4672534405925066	0.0
0.473094108599913	0.0
0.4789347766073193	0.0
0.4847754446147257	0.0
0.490616112622132	0.0
0.4964567806295383	0.0
0.5022974486369446	0.0
0.508138116644351	0.0
0.5139787846517573	0.0
0.5198194526591637	0.0
0.5256601206665701	0.0
0.5315007886739763	0.0
0.5373414566813827	0.0
0.543182124688789	0.0
0.5490227926961954	0.0
0.5548634607036017	0.0
0.560704128711008	0.0
0.5665447967184143	0.0
0.5723854647258207	0.0
0.578226132733227	0.0
0.5840668007406334	0.0
0.5899074687480397	0.0
0.595748136755446	0.0
0.6015888047628524	0.0
0.6074294727702587	0.0
0.6132701407776651	0.0
0.6191108087850713	0.0
0.6249514767924776	0.0
0.630792144799884	0.0
0.6366328128072904	0.0
0.6424734808146967	0.0
0.648314148822103	0.0
0.6541548168295094	0.0
0.6599954848369157	0.0
0.6658361528443221	0.0
0.6716768208517284	0.0
0.6775174888591347	0.0
0.683358156866541	0.0
0.6891988248739473	0.0
0.6950394928813537	0.0
0.70088016088876	0.0
0.7067208288961664	0.0
0.7125614969035726	0.0
0.718402164910979	0.0
0.7242428329183854	0.0
0.7300835009257917	0.0
0.735924168933198	0.0
0.7417648369406045	0.0
0.7476055049480108	0.0
0.7534461729554169	0.0
0.7592868409628233	0.0
0.7651275089702297	0.0
0.770968176977636	0.0
0.7768088449850423	0.0
0.7826495129924487	0.0
0.7884901809998551	0.0
0.7943308490072614	0.0
0.8001715170146677	0.0
0.8060121850220741	0.0
0.8118528530294805	0.0
0.8176935210368866	0.0
0.823534189044293	0.0
0.8293748570516992	0.0
0.8352155250591057	0.0
0.841056193066512	0.0
0.8468968610739184	0.0
0.8527375290813248	0.0
0.8585781970887311	0.0
0.8644188650961374	0.0
0.8702595331035438	0.0
0.87610020111095	0.0
0.8819408691183563	0.0
0.8877815371257627	0.0
0.8936222051331689	0.0
0.8994628731405754	0.0
0.9053035411479817	0.0
0.9111442091553881	0.0
0.9169848771627943	0.0
0.9228255451702008	0.0
0.9286662131776071	0.0
0.9345068811850132	0.0
0.9403475491924196	0.0
0.946188217199826	0.0
0.9520288852072323	0.0
0.9578695532146386	0.0
0.9637102212220451	0.0
0.9695508892294514	0.0
0.9753915572368577	0.0
0.981232225244264	0.0
0.9870728932516705	0.0
0.9929135612590766	0.0
0.9987542292664829	0.0
1.0045948972738892	0.0
1.0104355652812957	0.0
1.016276233288702	0.0
1.0221169012961084	0.0
1.0279575693035146	0.0
1.0337982373109211	0.0
1.0396389053183275	0.0
1.0454795733257338	0.0
1.0513202413331402	0.0
1.0571609093405463	0.0
1.0630015773479526	0.0
1.068842245355359	0.0
1.0746829133627653	0.0
1.0805235813701717	0.0
1.086364249377578	0.0
1.0922049173849844	0.0
1.0980455853923907	0.0
1.103886253399797	0.0
1.1097269214072034	0.0
1.1155675894146095	0.0
1.121408257422016	0.0
1.1272489254294222	0.0
1.1330895934368286	0.0
1.138930261444235	0.0
1.1447709294516415	0.0
1.1506115974590476	0.0
1.156452265466454	0.0
1.1622929334738605	0.0
1.1681336014812669	0.0
1.173974269488673	0.0
1.1798149374960794	0.0
1.1856556055034857	0.0
1.191496273510892	0.0
1.1973369415182984	0.0
1.2031776095257047	0.0
1.209018277533111	0.0
1.2148589455405174	0.0
1.2206996135479238	0.0
1.2265402815553301	0.0
1.2323809495627365	0.0
1.2382216175701426	0.0
1.244062285577549	0.0
1.2499029535849553	0.0
1.2557436215923616	0.0
1.261584289599768	0.0
1.2674249576071743	0.0
1.273265625614581	0.0
1.279106293621987	0.0
1.2849469616293934	0.0
1.2907876296367997	0.0
1.296628297644206	0.0
1.3024689656516124	0.0
1.3083096336590188	0.0
1.3141503016664249	0.0
1.3199909696738314	0.0
1.3258316376812378	0.0
1.3316723056886441	0.0
1.3375129736960503	0.0
1.3433536417034568	0.0
1.3491943097108632	0.0
1.3550349777182693	0.0
1.3608756457256757	0.0
1.366716313733082	0.0
1.3725569817404883	0.0
1.3783976497478947	0.0
1.384238317755301	0.0
1.3900789857627074	0.0
1.3959196537701137	0.0
1.40176032177752	0.0
1.4076009897849264	0.0
1.4134416577923328	0.0
1.419282325799739	0.0
1.4251229938071452	0.0
1.4309636618145516	0.0
1.436804329821958	0.0
1.4426449978293645	0.0
1.4484856658367709	0.0
1.4543263338441768	0.0
1.4601670018515833	0.0
1.4660076698589897	0.0
1.471848337866396	0.0
1.4776890058738024	0.0
1.483529673881209	0.0
1.489370341888615	0.0
1.4952110098960216	0.0
1.5010516779034275	0.0
1.5068923459108339	0.0
1.5127330139182404	0.0
1.5185736819256466	0.0
1.5244143499330531	0.0
1.5302550179404595	0.0
1.5360956859478658	0.0
1.541936353955272	0.0
1.5477770219626783	0.0
1.5536176899700846	0.0
1.5594583579774912	0.0
1.5652990259848973	0.0
1.5711396939923035	0.0
1.5769803619997103	0.0
1.5828210300071162	0.0
1.5886616980145227	0.0
1.594502366021929	0.0
1.6003430340293354	0.0
1.6061837020367418	0.0
1.6120243700441481	0.0
1.6178650380515542	0.0
1.623705706058961	0.0
1.629546374066367	0.0
1.6353870420737733	0.0
1.6412277100811798	0.0
1.647068378088586	0.0
1.6529090460959925	0.0
1.6587497141033984	0.0
1.6645903821108052	0.0
1.6704310501182114	0.0
1.6762717181256177	0.0
1.682112386133024	0.0
1.6879530541404304	0.0
1.6937937221478367	0.0
1.6996343901552429	0.0
1.7054750581626497	0.0
1.7113157261700556	0.0
1.7171563941774621	0.0
1.7229970621848683	0.0
1.7288377301922748	0.0
1.7346783981996812	0.0
1.7405190662070875	0.0
1.7463597342144936	0.0
1.7522004022219	0.0
1.7580410702293063	0.0
1.7638817382367127	0.0
1.769722406244119	0.0
1.7755630742515254	0.0
1.781403742258932	0.0
1.7872444102663378	0.0
1.7930850782737444	0.0
1.7989257462811508	0.0
1.8047664142885569	0.0
1.8106070822959635	0.0
1.8164477503033698	0.0
1.8222884183107761	0.0
1.8281290863181823	0.0
1.8339697543255886	0.0
1.839810422332995	0.0
1.8456510903404015	0.0
1.8514917583478077	0.0
1.8573324263552142	0.0
1.8631730943626206	0.0
1.8690137623700265	0.0
1.874854430377433	0.0
1.8806950983848392	0.0
1.8865357663922457	0.0
1.892376434399652	0.0
1.8982171024070584	0.0
1.9040577704144646	0.0
1.9098984384218713	0.0
1.9157391064292772	0.0
1.9215797744366838	0.0
1.9274204424440902	0.0
1.9332611104514963	0.0
1.9391017784589029	0.0
1.9449424464663088	0.0
1.9507831144737153	0.0
1.9566237824811217	0.0
1.962464450488528	0.0
1.9683051184959344	0.0
1.974145786503341	0.0
1.979986454510747	0.0
1.9858271225181532	0.0
1.99166779052556	0.0
1.9975084585329659	0.0
2.0033491265403724	0.0
2.0091897945477784	0.0
2.015030462555185	0.0
2.0208711305625915	0.0
2.026711798569998	0.0
2.032552466577404	0.0
2.0383931345848105	0.0
2.044233802592217	0.0
2.0500744705996228	0.0
2.055915138607029	0.0
2.0617558066144355	0.0
2.0675964746218423	0.0
2.073437142629248	0.0
2.079277810636655	0.0
2.0851184786440613	0.0
2.0909591466514676	0.0
2.0967998146588736	0.0
2.1026404826662803	0.0
2.1084811506736862	0.0
2.1143218186810926	0.0
2.120162486688499	0.0
2.1260031546959053	0.0
2.131843822703312	0.0
2.137684490710718	0.0
2.1435251587181243	0.0
2.1493658267255307	0.0
2.155206494732937	0.0
2.1610471627403434	0.0
2.1668878307477493	0.0
2.172728498755156	0.0
2.1785691667625624	0.0
2.1844098347699688	0.0
2.190250502777375	0.0
2.1960911707847814	0.0
2.201931838792188	0.0
2.207772506799594	0.0
2.2136131748070005	0.0
2.219453842814407	0.0
2.225294510821813	0.0
2.231135178829219	0.0
2.236975846836626	0.0
2.242816514844032	0.0
2.2486571828514386	0.0
2.2544978508588445	0.0
2.2603385188662513	0.0
2.266179186873657	0.0
2.272019854881064	0.0
2.27786052288847	0.0
2.2837011908958766	0.0
2.289541858903283	0.0
2.295382526910689	0.0
2.3012231949180952	0.0
2.3070638629255016	0.0
2.312904530932908	0.0
2.3187451989403143	0.0
2.324585866947721	0.0
2.330426534955127	0.0
2.3362672029625338	0.0
2.3421078709699397	0.0
2.347948538977346	0.0
2.3537892069847524	0.0
2.3596298749921587	0.0
2.365470542999565	0.0
2.3713112110069714	0.0
2.3771518790143777	0.0
2.382992547021784	0.0
2.3888332150291904	0.0003265634393863617
2.394673883036597	0.0
2.400514551044003	0.0
2.4063552190514095	0.00016328171969318085
2.4121958870588154	0.00016328171969318085
2.418036555066222	0.0
2.423877223073628	0.00016328171969318085
2.429717891081035	0.0
2.435558559088441	0.00016328171969318085
2.4413992270958476	0.0
2.447239895103254	0.00016328171969318085
2.4530805631106603	0.00016328171969318085
2.458921231118066	0.0
2.464761899125473	0.00016328171969318085
2.470602567132879	0.0
2.476443235140285	0.00016328171969318085
2.482283903147692	0.00016328171969318085
2.488124571155098	0.0
2.4939652391625047	0.0
2.4998059071699106	0.0
2.505646575177317	0.0003265634393863617
2.5114872431847233	0.00016328171969318085
2.5173279111921296	0.0006531268787727234
2.523168579199536	0.0003265634393863617
2.5290092472069423	0.0006531268787727234
2.5348499152143487	0.0003265634393863617
2.540690583221755	0.0006531268787727234
2.546531251229162	0.0008164085984659041
2.5523719192365677	0.0003265634393863617
2.558212587243974	0.0003265634393863617
2.5640532552513804	0.0004898451590795425
2.5698939232587867	0.0017960989166249891
2.575734591266193	0.0013062537575454468
2.5815752592735994	0.0004898451590795425
2.587415927281006	0.000979690318159085
2.593256595288412	0.0016328171969318083
2.5990972632958185	0.000979690318159085
2.604937931303225	0.0017960989166249891
2.610778599310631	0.000979690318159085
2.6166192673180375	0.00195938063631817
2.622459935325444	0.0014695354772386274
2.6283006033328498	0.001142972037852266
2.6341412713402566	0.002285944075704532
2.639981939347663	0.002775789234784074
2.6458226073550692	0.0032656343938636165
2.6516632753624756	0.002775789234784074
2.657503943369882	0.003755479552943159
2.6633446113772883	0.0031023526741704357
2.669185279384694	0.00391876127263634
2.6750259473921005	0.004245324712022702
2.680866615399507	0.0048984515907954254
2.6867072834069137	0.005225015030181787
2.6925479514143196	0.004245324712022702
2.6983886194217264	0.006367987068034053
2.7042292874291327	0.004571888151409064
2.7100699554365386	0.0076742408255794994
2.715910623443945	0.010123466620977212
2.7217512914513513	0.00800080426496586
2.7275919594587577	0.010939875219443115
2.733432627466164	0.011429720378522659
2.7392732954735703	0.01583832681023854
2.7451139634809767	0.014858636492079455
2.7509546314883835	0.01779770744655671
2.7567952994957894	0.022206313878272592
2.7626359675031957	0.018614116045022614
2.768476635510602	0.02138990527980669
2.7743173035180084	0.022206313878272592
2.7801579715254148	0.026614920309988476
2.7859986395328207	0.03379931597648843
2.7918393075402275	0.03281962565832935
2.797679975547634	0.038207922408204316
2.80352064355504	0.04375950087777246
2.8093613115624465	0.04833138902918153
2.815201979569853	0.05257671374120422
2.821042647577259	0.05502593953660194
2.8268833155846655	0.055189221256295114
2.832723983592072	0.06335330724095416
2.838564651599478	0.08147757812689724
2.8444053196068846	0.07266036526346546
2.8502459876142905	0.09127448130848809
2.8560866556216973	0.10499014576271527
2.861927323629103	0.11201125970952204
2.86776799163651	0.1234409800880447
2.873608659643916	0.12964568543638558
2.879449327651322	0.15560747886760135
2.885289995658729	0.16915986160213534
2.891130663666135	0.18581459701083977
2.8969713316735417	0.20720450229064646
2.902811999680948	0.22451236457812365
2.9086526676883535	0.25929137087277115
2.9144933356957603	0.2684351471755893
2.9203340037031666	0.3056633792656345
2.9261746717105734	0.32933922862114573
2.9320153397179793	0.36558777039303186
2.9378560077253852	0.4122863422252816
2.943696675732792	0.4495145743153268
2.949537343740198	0.5076428665260991
2.9553780117476047	0.5647914684187125
2.9612186797550115	0.5892837263726896
2.967059347762418	0.6851300958325868
2.9729000157698233	0.7577904610960522
2.97874068377723	0.8147757812689723
2.9845813517846365	0.9158471657590512
2.9904220197920433	0.9845887697498804
2.996262687799449	1.0868031262778117
3.002103355806855	1.2293480675699584
3.007944023814262	1.3007021790758784
3.0137846918216677	1.4153259463004915
3.0196253598290745	1.5526458725624566
3.025466027836481	1.6963337858924556
3.0313066958438877	1.8493287572449661
3.037147363851293	1.9744025545299426
3.0429880318586995	2.182260183699362
3.0488286998661063	2.3168043207265425
3.054669367873513	2.4815555758969623
3.060510035880919	2.724682056520108
3.066350703888325	2.9215998104700844
3.0721913718957317	3.1603176846615146
3.0780320399031376	3.3157618818094226
3.083872707910544	3.5374984571527626
3.0897133759179507	3.754663144344693
3.0955540439253566	3.9584387305217827
3.1013947119327625	4.199605830508611
3.1072353799401693	4.453508904631507
3.113076047947576	4.6664282671114155
3.1189167159549824	4.786930176244982
3.1247573839623883	4.928332145499277
3.1305980519697947	5.067938015836947
3.136438719977201	5.2230556495454685
3.142279387984607	5.353681025300013
3.1481200559920137	5.411319472351706
3.1539607239994205	5.366416999436081
3.1598013920068264	5.387317059556809
3.1656420600142323	5.330168457664195
3.171482728021639	5.275142518127593
3.1773233960290455	5.1512116928804685
3.1831640640364522	4.992828424778083
3.189004732043858	4.751334761351869
3.194845400051264	4.534986482758404
3.200686068058671	4.288104522582315
3.2065267360660767	3.9386816424389077
3.2123674040734835	3.588115790257649
3.21820807208089	3.295678230287162
3.2240487400882962	2.991810949938152
3.229889408095702	2.6234473903103366
3.2357300761031085	2.296883950923975
3.2415707441105153	1.9735861459314765
3.247411412117922	1.7204994804070464
3.253252080125328	1.3798938131270713
3.259092748132734	1.1821596505786292
3.2649334161401407	0.9509527354930851
3.2707740841475466	0.7682404911564158
3.2766147521549533	0.5858548102591328
3.2824554201623597	0.4627403936104744
3.2882960881697656	0.3518721059388047
3.294136756177172	0.2689249923346688
3.2999774241845783	0.19724431738936243
3.305818092191985	0.1396058703376696
3.311658760199391	0.09992841245222665
3.317499428206797	0.06825175883174958
3.3233400962142037	0.046698571832249715
3.3291807642216105	0.02939070954477255
3.3350214322290164	0.02138990527980669
3.3408621002364227	0.013552382734534008
3.3467027682438295	0.008817212863431765
3.3525434362512354	0.005714860189261329
3.3583841042586413	0.002122662356011351
3.364224772266048	0.0017960989166249891
3.370065440273455	0.0006531268787727234
3.375906108280861	0.0003265634393863617
3.3817467762882667	0.0003265634393863617
3.3875874442956735	0.0
3.39342811230308	0.0
3.3992687803104857	0.0
3.4051094483178925	0.0
3.4109501163252993	0.0
3.416790784332705	0.0
3.422631452340111	0.0
3.428472120347518	0.0
3.4343127883549243	0.0
3.4401534563623306	0.0
3.4459941243697365	0.0
3.451834792377143	0.0
3.4576754603845496	0.0
3.4635161283919556	0.0
3.4693567963993623	0.0
3.4751974644067687	0.0
3.481038132414175	0.0
3.486878800421581	0.0
3.4927194684289873	0.0
3.498560136436394	0.0
3.5044008044438	0.0
3.510241472451206	0.0
3.5160821404586127	0.0
3.5219228084660195	0.0
3.5277634764734254	0.0
3.533604144480832	0.0
3.539444812488238	0.0
3.5452854804956444	0.0
3.5511261485030508	0.0
3.556966816510457	0.0
3.562807484517864	0.0
3.56864815252527	0.0
3.5744888205326757	0.0
3.5803294885400825	0.0
3.586170156547489	0.0
3.592010824554895	0.0
3.5978514925623015	0.0
3.6036921605697074	0.0
3.6095328285771138	0.0
3.61537349658452	0.0
3.621214164591927	0.0
3.6270548325993337	0.0
3.6328955006067396	0.0
3.6387361686141455	0.0
3.6445768366215523	0.0
3.6504175046289586	0.0
3.6562581726363645	0.0
3.6620988406437713	0.0
3.6679395086511772	0.0
3.673780176658583	0.0
3.67962084466599	0.0
3.6854615126733967	0.0
3.691302180680803	0.0
3.697142848688209	0.0
3.7029835166956153	0.0
3.7088241847030217	0.0
3.7146648527104285	0.0
3.7205055207178344	0.0
3.726346188725241	0.0
3.732186856732647	0.0
3.738027524740053	0.0
3.7438681927474597	0.0
3.749708860754866	0.0
3.755549528762273	0.0
3.7613901967696783	0.0
3.7672308647770847	0.0
3.7730715327844915	0.0
3.7789122007918983	0.0
3.784752868799304	0.0
3.7905935368067105	0.0
3.796434204814117	0.0
3.8022748728215228	0.0
3.808115540828929	0.0
3.813956208836336	0.0
3.8197968768437427	0.0
3.825637544851148	0.0
3.8314782128585545	0.0
3.8373188808659613	0.0
3.8431595488733676	0.0
3.849000216880774	0.0
3.8548408848881803	0.0
3.8606815528955862	0.0
3.8665222209029926	0.0
3.872362888910399	0.0
3.8782035569178057	0.0
3.884044224925212	0.0
3.8898848929326175	0.0
3.8957255609400243	0.0
3.9015662289474307	0.0
3.9074068969548374	0.0
3.9132475649622434	0.0
3.91908823296965	0.0
3.924928900977056	0.0
3.930769568984462	0.0
3.9366102369918687	0.0
3.9424509049992755	0.0
3.948291573006682	0.0
3.9541322410140873	0.0
3.959972909021494	0.0
3.9658135770289005	0.0
3.9716542450363064	0.0
3.977494913043713	0.0
3.98333558105112	0.0
3.989176249058526	0.0
3.9950169170659318	0.0
4.000857585073338	0.0
4.006698253080745	0.0
4.012538921088152	0.0
4.018379589095557	0.0
4.0242202571029635	0.0
4.03006092511037	0.0
4.035901593117776	0.0
4.041742261125183	0.0
4.047582929132589	0.0
4.053423597139996	0.0
4.059264265147402	0.0
4.065104933154808	0.0
4.070945601162215	0.0
4.076786269169621	0.0
4.082626937177027	0.0
4.088467605184434	0.0
4.09430827319184	0.0
4.1001489411992456	0.0
4.105989609206652	0.0
4.111830277214058	0.0
4.117670945221465	0.0
4.123511613228871	0.0
4.129352281236278	0.0
4.1351929492436845	0.0
4.141033617251091	0.0
4.146874285258496	0.0
4.152714953265903	0.0
4.15855562127331	0.0
4.164396289280716	0.0
4.170236957288123	0.0
4.1760776252955285	0.0
4.181918293302935	0.0
4.187758961310341	0.0
4.193599629317747	0.0
4.199440297325154	0.0
4.205280965332561	0.0
4.211121633339966	0.0
4.2169623013473725	0.0
4.222802969354779	0.0
4.228643637362185	0.0
4.234484305369592	0.0
4.240324973376998	0.0
4.246165641384405	0.0
4.252006309391811	0.0
4.257846977399217	0.0
4.263687645406624	0.0
4.26952831341403	0.0
4.275368981421436	0.0
4.281209649428843	0.0
4.287050317436249	0.0
4.292890985443655	0.0
4.298731653451061	0.0
4.304572321458467	0.0
4.310412989465874	0.0
4.31625365747328	0.0
4.322094325480687	0.0
4.3279349934880935	0.0
4.3337756614954985	0.0
4.339616329502905	0.0
4.345456997510312	0.0
4.351297665517719	0.0
4.357138333525125	0.0
4.362979001532532	0.0
4.3688196695399375	0.0
4.374660337547344	0.0
4.38050100555475	0.0
4.386341673562157	0.0
4.392182341569563	0.0
4.398023009576969	0.0
4.403863677584376	0.0
4.4097043455917815	0.0
4.415545013599188	0.0
4.421385681606594	0.0
4.427226349614001	0.0
4.433067017621407	0.0
4.438907685628814	0.0
4.44474835363622	0.0
4.450589021643626	0.0
4.456429689651033	0.0
4.462270357658438	0.0
4.468111025665845	0.0
4.473951693673252	0.0
4.4797923616806585	0.0
4.485633029688064	0.0
4.49147369769547	0.0
4.497314365702877	0.0
4.503155033710283	0.0
4.508995701717689	0.0
4.514836369725096	0.0
4.5206770377325025	0.0
4.5265177057399075	0.0
4.532358373747314	0.0
4.538199041754721	0.0
4.544039709762128	0.0
4.549880377769534	0.0
4.55572104577694	0.0
4.5615617137843465	0.0
4.567402381791753	0.0
4.573243049799159	0.0
4.579083717806566	0.0
4.584924385813972	0.0
4.590765053821378	0.0
4.596605721828785	0.0
4.6024463898361905	0.0
4.608287057843597	0.0
4.614127725851003	0.0
4.619968393858409	0.0
4.625809061865816	0.0
4.631649729873223	0.0
4.637490397880629	0.0
4.643331065888035	0.0
4.649171733895442	0.0
4.655012401902847	0.0
4.660853069910254	0.0
4.666693737917661	0.0
4.6725344059250675	0.0
4.678375073932473	0.0
4.684215741939879	0.0
4.690056409947286	0.0
4.695897077954692	0.0
4.701737745962099	0.0
4.707578413969505	0.0
4.7134190819769115	0.0
4.719259749984317	0.0
4.725100417991723	0.0
4.73094108599913	0.0
4.736781754006537	0.0
4.742622422013943	0.0
4.748463090021349	0.0
4.7543037580287555	0.0
4.760144426036161	0.0
4.765985094043568	0.0
4.771825762050975	0.0
4.777666430058381	0.0
4.783507098065787	0.0
4.789347766073194	0.0
4.7951884340806	0.0
4.801029102088006	0.0
4.806869770095412	0.0
4.812710438102819	0.0
4.818551106110225	0.0
4.824391774117631	0.0
4.8302324421250376	0.0
4.836073110132444	0.0
4.84191377813985	0.0
4.847754446147256	0.0
4.853595114154663	0.0
4.85943578216207	0.0
4.8652764501694765	0.0
4.871117118176882	0.0
4.876957786184288	0.0
4.882798454191695	0.0
4.888639122199101	0.0
4.894479790206508	0.0
4.900320458213914	0.0
4.9061611262213205	0.0
4.912001794228726	0.0
4.917842462236132	0.0
4.923683130243539	0.0
4.929523798250946	0.0
4.935364466258352	0.0
4.941205134265758	0.0
4.9470458022731645	0.0
4.95288647028057	0.0
4.958727138287977	0.0
4.964567806295384	0.0
4.97040847430279	0.0
4.976249142310196	0.0
4.982089810317603	0.0
4.987930478325009	0.0
4.993771146332415	0.0
4.999611814339821	0.0
5.005452482347228	0.0
5.011293150354634	0.0
5.017133818362041	0.0
5.0229744863694465	0.0
5.028815154376853	0.0
5.034655822384259	0.0
5.040496490391665	0.0
5.046337158399072	0.0
5.052177826406479	0.0
5.058018494413885	0.0
5.0638591624212905	0.0
5.069699830428697	0.0
5.075540498436104	0.0
5.08138116644351	0.0
5.087221834450917	0.0
5.093062502458324	0.0
5.0989031704657295	0.0
5.104743838473135	0.0
5.110584506480542	0.0
5.116425174487948	0.0
5.122265842495355	0.0
5.128106510502761	0.0
5.133947178510167	0.0
5.1397878465175735	0.0
5.145628514524979	0.0
5.151469182532386	0.0
5.157309850539793	0.0
5.163150518547199	0.0
5.168991186554605	0.0
5.174831854562012	0.0
5.180672522569418	0.0
5.186513190576824	0.0
5.19235385858423	0.0
5.198194526591637	0.0
5.204035194599044	0.0
5.20987586260645	0.0
5.215716530613856	0.0
5.221557198621262	0.0
5.227397866628668	0.0
5.233238534636075	0.0
5.239079202643481	0.0
5.244919870650888	0.0
5.250760538658294	0.0
5.2566012066656995	0.0
5.262441874673106	0.0
5.268282542680513	0.0
5.274123210687919	0.0
5.279963878695326	0.0
5.285804546702732	0.0
5.2916452147101385	0.0
5.297485882717544	0.0
5.303326550724951	0.0
5.309167218732358	0.0
5.315007886739764	0.0
5.32084855474717	0.0
5.326689222754577	0.0
5.3325298907619825	0.0
5.338370558769388	0.0
5.344211226776795	0.0
5.350051894784201	0.0
5.355892562791607	0.0
5.361733230799014	0.0
5.3675738988064206	0.0
5.373414566813827	0.0
5.379255234821233	0.0
5.385095902828639	0.0
5.390936570836046	0.0
5.396777238843453	0.0
5.402617906850859	0.0
5.408458574858265	0.0
5.414299242865671	0.0
5.420139910873077	0.0
5.425980578880484	0.0
5.43182124688789	0.0
5.437661914895297	0.0
5.443502582902703	0.0
5.4493432509101085	0.0
5.455183918917515	0.0
5.461024586924922	0.0
5.466865254932328	0.0
5.472705922939735	0.0
5.478546590947141	0.0
5.484387258954547	0.0
5.490227926961953	0.0
5.49606859496936	0.0
5.501909262976767	0.0
5.507749930984172	0.0
5.513590598991579	0.0
5.519431266998986	0.0
5.5252719350063915	0.0
5.531112603013798	0.0
5.536953271021204	0.0
5.54279393902861	0.0
5.548634607036017	0.0
5.554475275043423	0.0
5.5603159430508295	0.0
5.566156611058236	0.0
5.571997279065641	0.0
5.577837947073048	0.0
5.583678615080455	0.0
5.589519283087862	0.0
5.595359951095268	0.0
5.601200619102674	0.0
5.60704128711008	0.0
5.612881955117486	0.0
5.618722623124893	0.0
5.6245632911323	0.0
5.630403959139706	0.0
5.636244627147112	0.0
5.642085295154518	0.0
5.647925963161924	0.0
5.653766631169331	0.0
5.659607299176737	0.0
5.665447967184144	0.0
5.67128863519155	0.0
5.677129303198956	0.0
5.682969971206362	0.0
5.688810639213769	0.0
5.694651307221176	0.0
5.700491975228581	0.0
5.706332643235988	0.0
5.712173311243395	0.0
5.7180139792508005	0.0
5.723854647258206	0.0
5.729695315265613	0.0
5.73553598327302	0.0
5.741376651280426	0.0
5.747217319287832	0.0
5.7530579872952385	0.0
5.758898655302644	0.0
5.76473932331005	0.0
5.770579991317458	0.0
5.776420659324864	0.0
5.78226132733227	0.0
5.788101995339676	0.0
5.793942663347083	0.0
5.799783331354489	0.0
5.805623999361896	0.0
5.811464667369303	0.0
5.817305335376707	0.0
5.823146003384115	0.0
5.828986671391521	0.0
