0.0	1.6870833207133216
0.0004058709790872516	1.5132056525618092
0.0008117419581745032	1.4991074632522272
0.0012176129372617548	1.4873589721609088
0.0016234839163490064	1.522604445434864
0.0020293548954362583	1.470911084633063
0.0024352258745235097	1.5907456937645106
0.0028410968536107615	1.4403650077956351
0.003246967832698013	1.5531505222722917
0.0036528388117852647	1.5484511258357645
0.0040587097908725165	1.4544631971052173
0.004464580769959768	1.588395995546247
0.004870451749047019	1.5789972026731922
0.005276322728134272	1.442714706013899
0.005682193707221523	1.4544631971052173
0.006088064686308774	1.4826595757243815
0.006493935665396026	1.5625493151453465
0.006899806644483278	1.5531505222722917
0.007305677623570529	1.5860462973279832
0.007711548602657781	1.4286165167043168
0.008117419581745033	1.6048438830740928
0.008523290560832284	1.4615122917600083
0.008929161539919536	1.5108559543435456
0.009335032519006787	1.5977947884193018
0.009740903498094039	1.4474141024504261
0.010146774477181292	1.5085062561252818
0.010552645456268543	1.4403650077956351
0.010958516435355795	1.5484511258357645
0.011364387414443046	1.4380153095773716
0.011770258393530297	1.5461014276175007
0.012176129372617549	1.6095432795106202
0.0125820003517048	1.3957207416486253
0.012987871330792052	1.4826595757243815
0.013393742309879305	1.4967577650339634
0.013799613288966556	1.4803098775061176
0.014205484268053807	1.6424390545663117
0.014611355247141059	1.5531505222722917
0.01501722622622831	1.6048438830740928
0.015423097205315562	1.5367026347444461
0.015828968184402815	1.5320032383079187
0.016234839163490066	1.6518378474393662
0.016640710142577318	1.4521134988869535
0.01704658112166457	1.5860462973279832
0.01745245210075182	1.5273038418713913
0.01785832307983907	1.5390523329627097
0.018264194058926323	1.515555350780073
0.018670065038013575	1.595445090201038
0.019075936017100826	1.4615122917600083
0.019481806996188077	1.5108559543435456
0.01988767797527533	1.4897086703791724
0.020293548954362584	1.4897086703791724
0.020699419933449835	1.5907456937645106
0.021105290912537086	1.5601996169270829
0.021511161891624338	1.6071935812923563
0.02191703287071159	1.5742978062366648
0.02232290384979884	1.4403650077956351
0.022728774828886092	1.5132056525618092
0.023134645807973343	1.515555350780073
0.023540516787060595	1.6353899599115205
0.023946387766147846	1.6071935812923563
0.024352258745235097	1.5930953919827744
0.02475812972432235	1.5343529365261823
0.0251640007034096	1.4991074632522272
0.02556987168249685	1.6142426759471473
0.025975742661584103	1.6377396581297843
0.026381613640671358	1.5836965991097196
0.02678748461975861	1.4262668184860532
0.02719335559884586	1.6377396581297843
0.027599226577933112	1.6118929777288837
0.028005097557020363	1.5836965991097196
0.028410968536107615	1.5249541436531275
0.028816839515194866	1.6001444866375654
0.029222710494282118	1.5061565579070182
0.02962858147336937	1.5555002204905555
0.03003445245245662	1.485009273942645
0.030440323431543872	1.581346900891456
0.030846194410631123	1.4333159131408442
0.03125206538971838	1.6471384510028388
0.03165793636880563	1.5390523329627097
0.03206380734789288	1.5672487115818738
0.03246967832698013	1.470911084633063
0.032875549306067384	1.5930953919827744
0.033281420285154635	1.5390523329627097
0.033687291264241886	1.5719481080184012
0.03409316224332914	1.5742978062366648
0.03449903322241639	1.6377396581297843
0.03490490420150364	1.6659360367489484
0.03531077518059089	1.661236640312421
0.03571664615967814	1.5742978062366648
0.036122517138765395	1.661236640312421
0.036528388117852646	1.6776845278402668
0.0369342590969399	1.6283408652567295
0.03734013007602715	1.661236640312421
0.0377460010551144	1.5789972026731922
0.03815187203420165	1.5367026347444461
0.0385577430132889	1.623641468820202
0.038963613992376155	1.5836965991097196
0.039369484971463406	1.5343529365261823
0.03977535595055066	1.529653540089655
0.04018122692963791	1.5836965991097196
0.04058709790872517	1.7575742672612318
0.04099296888781242	1.5108559543435456
0.04139883986689967	1.6941324153681125
0.04180471084598692	1.6283408652567295
0.04221058182507417	1.4967577650339634
0.042616452804161424	1.588395995546247
0.043022323783248675	1.588395995546247
0.04342819476233593	1.6447887527845753
0.04383406574142318	1.630690563474993
0.04423993672051043	1.5977947884193018
0.04464580769959768	1.705880906459431
0.04505167867868493	1.5648990133636103
0.045457549657772184	1.6941324153681125
0.045863420636859435	1.5531505222722917
0.04626929161594669	1.6212917706019385
0.04667516259503394	1.6095432795106202
0.04708103357412119	1.6377396581297843
0.04748690455320844	1.595445090201038
0.04789277553229569	1.6071935812923563
0.048298646511382944	1.5836965991097196
0.048704517490470195	1.6095432795106202
0.049110388469557446	1.5930953919827744
0.0495162594486447	1.5977947884193018
0.04992213042773195	1.5836965991097196
0.0503280014068192	1.6283408652567295
0.05073387238590645	1.5179050489983366
0.0511397433649937	1.5367026347444461
0.051545614344080955	1.5085062561252818
0.051951485323168206	1.623641468820202
0.052357356302255464	1.6941324153681125
0.052763227281342716	1.6095432795106202
0.05316909826042997	1.6518378474393662
0.05357496923951722	1.5343529365261823
0.05398084021860447	1.6565372438758936
0.05438671119769172	1.6870833207133216
0.05479258217677897	1.6518378474393662
0.055198453155866224	1.6588869420941572
0.055604324134953476	1.625991167038466
0.05601019511404073	1.6659360367489484
0.05641606609312798	1.5930953919827744
0.05682193707221523	1.7035312082411673
0.05722780805130248	1.5930953919827744
0.05763367903038973	1.7105803028959583
0.058039550009476984	1.7622736636977592
0.058445420988564235	1.6494881492211027
0.05885129196765149	1.5202547472166004
0.05925716294673874	1.6118929777288837
0.05966303392582599	1.5648990133636103
0.06006890490491324	1.5672487115818738
0.06047477588400049	1.625991167038466
0.060880646863087744	1.6424390545663117
0.061286517842174995	1.6212917706019385
0.061692388821262246	1.69883181180464
0.0620982598003495	1.6165923741654111
0.06250413077943676	1.5484511258357645
0.062910001758524	1.557849918708819
0.06331587273761126	1.6118929777288837
0.0637217437166985	1.7223287939872767
0.06412761469578576	1.7669730601342866
0.064533485674873	1.6776845278402668
0.06493935665396026	1.6165923741654111
0.06534522763304751	1.7317275868603315
0.06575109861213477	1.5648990133636103
0.06615696959122201	1.5601996169270829
0.06656284057030927	1.6142426759471473
0.06696871154939651	1.602494184855829
0.06737458252848377	1.6941324153681125
0.06778045350757102	1.7387766815151224
0.06818632448665828	1.6447887527845753
0.06859219546574552	1.6800342260585304
0.06899806644483278	1.6471384510028388
0.06940393742392002	1.588395995546247
0.06980980840300728	1.6400893563480479
0.07021567938209454	1.623641468820202
0.07062155036118178	1.6847336224950578
0.07102742134026904	1.625991167038466
0.07143329231935629	1.5836965991097196
0.07183916329844355	1.623641468820202
0.07224503427753079	1.806917929844769
0.07265090525661805	1.6142426759471473
0.07305677623570529	1.6800342260585304
0.07346264721479255	1.6588869420941572
0.0738685181938798	1.5414020311809733
0.07427438917296705	1.633040261693257
0.0746802601520543	1.6565372438758936
0.07508613113114156	1.7199790957690129
0.0754920021102288	1.675334829622003
0.07589787308931606	1.6800342260585304
0.0763037440684033	1.7317275868603315
0.07670961504749056	1.6118929777288837
0.0771154860265778	1.5766475044549286
0.07752135700566506	1.6729851314037394
0.07792722798475231	1.7199790957690129
0.07833309896383957	1.771672456570814
0.07873896994292681	1.65418754565763
0.07914484092201407	1.625991167038466
0.07955071190110131	1.5249541436531275
0.07995658288018857	1.6800342260585304
0.08036245385927582	1.5742978062366648
0.08076832483836308	1.6518378474393662
0.08117419581745033	1.6565372438758936
0.08158006679653758	1.625991167038466
0.08198593777562484	1.6565372438758936
0.08239180875471208	1.8092676280630329
0.08279767973379934	1.7223287939872767
0.08320355071288658	1.8421634031187242
0.08360942169197384	1.630690563474993
0.08401529267106109	1.741126379733386
0.08442116365014835	1.6917827171498487
0.08482703462923559	1.6847336224950578
0.08523290560832285	1.581346900891456
0.08563877658741009	1.6917827171498487
0.08604464756649735	1.7763718530073414
0.0864505185455846	1.6776845278402668
0.08685638952467185	1.7223287939872767
0.0872622605037591	1.630690563474993
0.08766813148284636	1.7246784922055403
0.0880740024619336	1.6823839242767942
0.08847987344102086	1.7152796993324857
0.0888857444201081	1.5414020311809733
0.08929161539919536	1.7693227583525502
0.0896974863782826	1.7364269832968586
0.09010335735736986	1.8092676280630329
0.09050922833645711	1.69883181180464
0.09091509931554437	1.7246784922055403
0.09132097029463161	1.712930001114222
0.09172684127371887	1.764623361916023
0.09213271225280611	1.7199790957690129
0.09253858323189337	1.8280652138091422
0.09294445421098063	1.6870833207133216
0.09335032519006788	1.8468627995552516
0.09375619616915513	1.661236640312421
0.09416206714824238	1.7528748708247044
0.09456793812732964	1.6800342260585304
0.09497380910641688	1.8233658173726148
0.09537968008550414	1.8327646102456696
0.09578555106459138	1.7176293975507493
0.09619142204367864	1.741126379733386
0.09659729302276589	1.7904700423169233
0.09700316400185315	1.7881203440986597
0.09740903498094039	1.8539118942100428
0.09781490596002765	1.7599239654794956
0.09822077693911489	1.8468627995552516
0.09862664791820215	1.6706354331854758
0.0990325188972894	1.7458257761699134
0.09943838987637665	1.851562195991779
0.0998442608554639	1.727028190423804
0.10025013183455116	1.7458257761699134
0.1006560028136384	1.7458257761699134
0.10106187379272566	1.7881203440986597
0.1014677447718129	1.8656603853013611
0.10187361575090016	1.837464006682197
0.1022794867299874	1.7481754743881772
0.10268535770907466	1.741126379733386
0.10309122868816191	1.785770645880396
0.10349709966724917	1.6823839242767942
0.10390297064633641	1.771672456570814
0.10430884162542367	1.7740221547890775
0.10471471260451093	1.8750591781744157
0.10512058358359817	1.741126379733386
0.10552645456268543	1.7975191369717143
0.10593232554177268	1.7152796993324857
0.10633819652085993	1.9032555567935798
0.10674406749994718	1.7740221547890775
0.10714993847903444	1.8774088763926795
0.10755580945812168	1.8116173262812965
0.10796168043720894	1.8539118942100428
0.10836755141629618	1.8116173262812965
0.10877342239538344	1.785770645880396
0.10917929337447069	1.81396702449956
0.10958516435355795	1.8233658173726148
0.10999103533264519	1.8468627995552516
0.11039690631173245	1.8633106870830973
0.11080277729081969	1.7669730601342866
0.11120864826990695	1.785770645880396
0.1116145192489942	1.910304651448371
0.11202039022808145	1.6894330189315852
0.1124262612071687	1.8163167227178239
0.11283213218625596	1.8562615924283064
0.1132380031653432	1.7011815100229035
0.11364387414443046	1.7552245690429682
0.1140497451235177	1.6635863385306846
0.11445561610260496	1.8327646102456696
0.1148614870816922	1.882108272829207
0.11526735806077947	1.8562615924283064
0.11567322903986671	1.8304149120274058
0.11607910001895397	1.8092676280630329
0.11648497099804123	1.7552245690429682
0.11689084197712847	1.8985561603570527
0.11729671295621573	1.7669730601342866
0.11770258393530297	1.851562195991779
0.11810845491439023	1.8633106870830973
0.11851432589347748	1.8398137049004606
0.11892019687256473	1.924402840757953
0.11932606785165198	1.799868835189978
0.11973193883073924	1.837464006682197
0.12013780980982648	1.7951694387534507
0.12054368078891374	1.9079549532301072
0.12094955176800098	1.8727094799561521
0.12135542274708824	1.9291022371944804
0.12176129372617549	1.85861129064657
0.12216716470526275	1.85861129064657
0.12257303568434999	1.7481754743881772
0.12297890666343725	1.8468627995552516
0.12338477764252449	1.8398137049004606
0.12379064862161175	1.8351143084639332
0.124196519600699	1.9314519354127442
0.12460239057978625	1.7505251726064408
0.1250082615588735	1.806917929844769
0.12541413253796074	1.8210161191543512
0.125820003517048	1.910304651448371
0.12622587449613526	1.9525992193771171
0.12663174547522252	1.8421634031187242
0.12703761645430975	1.8938567639205253
0.127443487433397	1.9737465033414903
0.12784935841248427	1.9009058585753162
0.12825522939157152	1.8539118942100428
0.12866110037065878	1.8868076692657343
0.129066971349746	1.8868076692657343
0.12947284232883327	1.8680100835196247
0.12987871330792053	1.9150040478848984
0.1302845842870078	1.9079549532301072
0.13069045526609502	1.8539118942100428
0.13109632624518228	1.997243485524127
0.13150219722426953	1.917353746103162
0.1319080682033568	1.8727094799561521
0.13231393918244402	1.7199790957690129
0.13271981016153128	2.0019428819606544
0.13312568114061854	1.8421634031187242
0.1335315521197058	2.013691373051973
0.13393742309879303	1.8116173262812965
0.1343432940778803	1.9009058585753162
0.13474916505696755	1.9150040478848984
0.1351550360360548	1.8868076692657343
0.13556090701514203	1.8163167227178239
0.1359667779942293	1.9666974086866993
0.13637264897331655	1.8727094799561521
0.1367785199524038	1.9925440890875998
0.13718439093149104	1.851562195991779
0.1375902619105783	1.7928197405351871
0.13799613288966556	1.9925440890875998
0.13840200386875282	1.9572986158136445
0.13880787484784005	1.9314519354127442
0.1392137458269273	2.098280508909465
0.13961961680601456	1.9432004265040626
0.14002548778510182	1.85861129064657
0.14043135876418908	1.882108272829207
0.1408372297432763	1.954948917595381
0.14124310072236357	1.8774088763926795
0.14164897170145083	1.8398137049004606
0.14205484268053808	1.9502495211588535
0.14246071365962532	2.0183907694885
0.14286658463871257	1.8868076692657343
0.14327245561779983	1.9361513318492714
0.1436783265968871	2.0371883552346097
0.14408419757597432	1.9596483140319083
0.14449006855506158	1.954948917595381
0.14489593953414884	2.114728396437311
0.1453018105132361	1.9643477104684355
0.14570768149232333	1.94789982294059
0.14611355247141058	2.0536362427624555
0.14651942345049784	1.81396702449956
0.1469252944295851	1.9150040478848984
0.14733116540867233	1.997243485524127
0.1477370363877596	1.976096201559754
0.14814290736684685	1.879758574610943
0.1485487783459341	1.844513101336988
0.14895464932502134	1.924402840757953
0.1493605203041086	1.94789982294059
0.14976639128319585	2.011341674833709
0.1501722622622831	2.055985940980719
0.15057813324137034	2.0465871481076645
0.1509840042204576	1.9009058585753162
0.15138987519954486	1.9338016336310078
0.15179574617863212	1.9056052550118436
0.15220161715771938	2.006642278397182
0.1526074881368066	1.997243485524127
0.15301335911589387	1.8915070657022615
0.15341923009498112	2.013691373051973
0.15382510107406838	2.0465871481076645
0.1542309720531556	2.0301392605798187
0.15463684303224287	2.114728396437311
0.15504271401133013	1.9643477104684355
0.1554485849904174	1.9713968051232267
0.15585445596950462	1.997243485524127
0.15626032694859188	1.9807955979962812
0.15666619792767913	2.0019428819606544
0.1570720689067664	2.006642278397182
0.15747793988585362	2.025439864143291
0.15788381086494088	1.9455501247223261
0.15828968184402814	2.1123786982190476
0.1586955528231154	1.9009058585753162
0.15910142380220263	2.1123786982190476
0.1595072947812899	2.0019428819606544
0.15991316576037715	2.0700841302903012
0.1603190367394644	1.9807955979962812
0.16072490771855164	2.0442374498894007
0.1611307786976389	1.9338016336310078
0.16153664967672615	2.0465871481076645
0.1619425206558134	2.0160410712702364
0.16234839163490067	1.983145296214545
0.1627542626139879	2.041887751671137
0.16316013359307516	1.9878446926510724
0.16356600457216242	2.013691373051973
0.16397187555124967	2.0536362427624555
0.1643777465303369	2.0630350356355103
0.16478361750942416	2.011341674833709
0.16518948848851142	2.079482923163356
0.16559535946759868	2.0465871481076645
0.1660012304466859	2.048936846325928
0.16640710142577317	2.1335259821834205
0.16681297240486043	2.034838657016346
0.16721884338394769	2.086532017818147
0.16762471436303492	2.105329603564256
0.16803058534212217	2.1100290000007837
0.16843645632120943	2.084182319599883
0.1688423273002967	2.1029799053459928
0.16924819827938392	2.079482923163356
0.16965406925847118	2.175820550112167
0.17005994023755844	2.243961798441813
0.1704658112166457	2.0183907694885
0.17087168219573293	2.168771455457376
0.17127755317482019	2.1311762839651567
0.17168342415390744	2.1922684376400126
0.1720892951329947	2.098280508909465
0.17249516611208193	2.1476241714930024
0.1729010370911692	2.0606853374172465
0.17330690807025645	2.1123786982190476
0.1737127790493437	2.0700841302903012
0.17411865002843097	2.1405750768382115
0.1745245210075182	2.1617223608025844
0.17493039198660545	2.1570229643660572
0.1753362629656927	2.1358756804016843
0.17574213394477997	2.0536362427624555
0.1761480049238672	2.3309006325175696
0.17655387590295446	2.086532017818147
0.17695974688204172	2.175820550112167
0.17736561786112898	2.1335259821834205
0.1777714888402162	2.1476241714930024
0.17817735981930347	2.164072059020848
0.17858323079839072	2.100630207127729
0.17898910177747798	2.1170780946555747
0.1793949727565652	2.2298636091322313
0.17980084373565247	2.100630207127729
0.18020671471473973	2.0230901659250278
0.180612585693827	2.3027042538984053
0.18101845667291422	2.2674587806244504
0.18142432765200148	2.2298636091322313
0.18183019863108874	2.24161210022355
0.182236069610176	2.225164212695704
0.18264194058926322	2.2298636091322313
0.18304781156835048	2.2087163251678583
0.18345368254743774	2.2134157216043855
0.183859553526525	2.173470851893903
0.18426542450561223	2.187569041203485
0.1846712954846995	2.225164212695704
0.18507716646378675	2.307403650334933
0.185483037442874	2.248661194878341
0.18588890842196126	2.1570229643660572
0.1862947794010485	2.260409685969659
0.18670065038013575	2.1382253786199477
0.187106521359223	2.1899187394217488
0.18751239233831027	2.098280508909465
0.1879182633173975	2.2768575734975047
0.18832413429648476	2.2886060645888233
0.18873000527557202	2.1194277928738385
0.18913587625465927	2.218115118040913
0.1895417472337465	2.2651090824061866
0.18994761821283376	2.2110660233861217
0.19035348919192102	2.218115118040913
0.19075936017100828	2.2674587806244504
0.1911652311500955	2.3614467093549973
0.19157110212918277	2.2627593841879228
0.19197697310827003	2.260409685969659
0.19238284408735729	2.2580599877513956
0.19278871506644452	2.2110660233861217
0.19319458604553177	2.145274473274739
0.19360045702461903	2.3238515378627786
0.1940063280037063	2.3755448986645793
0.19441219898279352	2.121777491092102
0.19481806996188078	2.1922684376400126
0.19522394094096804	2.2110660233861217
0.1956298119200553	2.290955762807087
0.19603568289914253	2.290955762807087
0.19644155387822979	2.243961798441813
0.19684742485731704	2.1993175322948035
0.1972532958364043	2.3238515378627786
0.19765916681549156	2.321501839644515
0.1980650377945788	2.335600028954097
0.19847090877366605	2.2745078752792414
0.1988767797527533	2.248661194878341
0.19928265073184057	2.2721581770609776
0.1996885217109278	2.3755448986645793
0.20009439269001505	2.2369127037870222
0.2005002636691023	2.3825939933193703
0.20090613464818957	2.3402994253906244
0.2013120056272768	2.380244295101107
0.20171787660636406	2.326201236081042
0.20212374758545132	2.2956551592436143
0.20252961856453858	2.4248885612481166
0.2029354895436258	2.3543976147002064
0.20334136052271307	2.370845502228052
0.20374723150180032	2.4319376559029076
0.20415310248088758	2.2745078752792414
0.2045589734599748	2.460134034522072
0.20496484443906207	2.4342873541211714
0.20537071541814933	2.363796407573261
0.2057765863972366	2.4037412772837436
0.20618245737632382	2.4483855434307533
0.20658832835541108	2.3496982182636788
0.20699419933449834	2.2768575734975047
0.2074000703135856	2.394342484410689
0.20780594129267282	2.4906801113594996
0.20821181227176008	2.4225388630298528
0.20861768325084734	2.4342873541211714
0.2090235542299346	2.60581532405442
0.20942942520902186	2.453084939867281
0.2098352961881091	2.4765819220499177
0.21024116716719635	2.408440673720271
0.2106470381462836	2.443686146994226
0.21105290912537086	2.5000789042325544
0.2114587801044581	2.509477697105609
0.21186465108354535	2.457784336303808
0.2122705220626326	2.4201891648115894
0.21267639304171987	2.4695328273951267
0.2130822640208071	2.467183129176863
0.21348813499989436	2.4131400701567984
0.21389400597898162	2.3426491236088878
0.21429987695806887	2.6222632115822657
0.2147057479371561	2.335600028954097
0.21511161891624336	2.5000789042325544
0.21551748989533062	2.6081650222726838
0.21592336087441788	2.467183129176863
0.2163292318535051	2.5776189454352556
0.21673510283259237	2.4765819220499177
0.21714097381167963	2.394342484410689
0.21754684479076689	2.6293123062370567
0.21795271576985412	2.584668040090047
0.21835858674894137	2.662208081292748
0.21876445772802863	2.6222632115822657
0.2191703287071159	2.6246129098005295
0.21957619968620312	2.6175638151457385
0.21998207066529038	2.4953795077960272
0.22038794164437764	2.5000789042325544
0.2207938126234649	2.6598583830744844
0.22119968360255216	2.6669074777292754
0.22160555458163939	2.56117105790741
0.22201142556072664	2.596416531181365
0.2224172965398139	2.626962608018793
0.22282316751890116	2.6316620044553205
0.2232290384979884	2.5940668329631014
0.22363490947707565	2.5423734721613007
0.2240407804561629	2.6246129098005295
0.22444665143525017	2.5729195489987284
0.2248525224143374	2.525925584633455
0.22525839339342466	2.7890917850789867
0.2256642643725119	2.6551589866379572
0.22607013535159917	2.678655968820594
0.2264760063306864	2.6434104955466386
0.22688187730977366	2.685705063475385
0.22728774828886092	2.601115927617893
0.22769361926794818	2.6152141169274747
0.2280994902470354	2.7021529510032307
0.22850536122612267	2.7773432939876685
0.22891123220520992	2.7326990278406584
0.22931710318429718	2.7749935957694047
0.2297229741633844	2.683355365257121
0.23012884514247167	2.7068523474397583
0.23053471612155893	2.892478506682589
0.2309405871006462	2.8595827316268974
0.23134645807973342	2.7773432939876685
0.23175232905882068	2.6974535545667035
0.23215820003790794	2.737398424277186
0.2325640710169952	2.796140879733778
0.23296994199608245	2.753846311805032
0.23337581297516968	2.582318341871783
0.23378168395425694	2.7139014420945493
0.2341875549333442	2.7209505367493403
0.23459342591243146	2.8642821280634245
0.2349992968915187	2.876030619154743
0.23540516787060595	2.664557779511012
0.2358110388496932	2.897177903119116
0.23621690982878046	2.833736051225997
0.2366227808078677	2.7914414832972505
0.23702865178695495	2.8431348440990516
0.2374345227660422	2.8736809209364793
0.23784039374512947	2.941822169266126
0.2382462647242167	2.904226997773907
0.23865213570330396	2.7867420868607233
0.23905800668239122	2.8642821280634245
0.23946387766147847	2.9324233763930714
0.2398697486405657	3.000564624722718
0.24027561961965296	2.876030619154743
0.24068149059874022	2.9747179443218177
0.24108736157782748	2.821987560134678
0.2414932325569147	2.97001854788529
0.24189910353600197	2.883079713809534
0.24230497451508923	2.876030619154743
0.24271084549417649	2.941822169266126
0.24311671647326372	3.0640064766158375
0.24352258745235097	2.9230245835200166
0.24392845843143823	2.8548833351903697
0.2443343294105255	3.1415465178185387
0.24474020038961275	3.0193622104688274
0.24514607136869998	3.0898531570167376
0.24555194234778724	2.948871263920917
0.2459578133268745	2.941822169266126
0.24636368430596176	2.920674885301753
0.24676955528504899	2.9277239799565438
0.24717542626413624	3.0334603997784093
0.2475812972432235	3.181491387529021
0.24798716822231076	3.118049535635902
0.248393039201398	3.176791991092494
0.24879891018048525	3.045208890869728
0.2492047811595725	3.0146628140323
0.24961065213865977	3.108650742762847
0.250016523117747	3.0029143229409816
0.25042239409683426	3.2002889732751307
0.2508282650759215	3.1438962160368025
0.25123413605500877	3.0804543641436832
0.251640007034096	3.2143871625847127
0.2520458780131833	3.10395134632632
0.2524517489922705	3.188540482183812
0.25285761997135775	3.2167368608029765
0.25326349095044504	3.1720925946559664
0.25366936192953227	3.2919272037874143
0.2540752329086195	3.301325996660469
0.2544811038877068	3.270779919823041
0.254886974866794	3.1415465178185387
0.2552928458458813	3.2073380679299217
0.25569871682496853	3.3647678485535883
0.25610458780405576	3.2308350501125584
0.25651045878314305	3.3530193574622698
0.2569163297622303	3.249632635858668
0.25732220074131756	3.331872073497897
0.2577280717204048	3.324822978843106
0.258133942699492	3.3530193574622698
0.2585398136785793	3.2895775055691505
0.25894568465766654	3.1932398786203398
0.25935155563675377	3.4329090968832348
0.25975742661584106	3.562142498887737
0.2601632975949283	3.5080994398676726
0.2605691685740156	3.606786765034747
0.2609750395531028	3.4940012505580906
0.26138091053219004	3.4869521559032997
0.2617867815112773	3.4376084933197624
0.26219265249036455	3.5903388775069014
0.2625985234694518	3.5010503452128816
0.26300439444853907	3.4000133218275432
0.2634102654276263	3.571541291760792
0.2638161364067136	3.4517066826293443
0.2642220073858008	3.6490813329634935
0.26462787836488805	3.4282097004467076
0.26503374934397533	3.8065111135871597
0.26543962032306256	3.6420322383087025
0.2658454913021498	3.6584801258365482
0.2662513622812371	3.6114861614712743
0.2666572332603243	3.686676504455712
0.2670631042394116	3.6114861614712743
0.26746897521849883	3.489301854121563
0.26787484619758606	3.7195722795114037
0.26828071717667334	3.6913759008922398
0.2686865881557606	3.6984249955470307
0.26909245913484786	3.879351758353334
0.2694983301139351	3.6772777115826574
0.2699042010930223	3.7853638296227867
0.2703100720721096	3.759517149221886
0.27071594305119684	3.7712656403132048
0.27112181403028407	4.003885763921309
0.27152768500937136	3.8770020601350703
0.2719335559884586	3.827658397551533
0.2723394269675459	3.9498427049012443
0.2727452979466331	4.057928822941373
0.27315116892572033	4.156616148108448
0.2735570399048076	4.088474899778801
0.27396291088389485	4.088474899778801
0.2743687818629821	4.328144118041696
0.27477465284206937	4.180113130291085
0.2751805238211566	4.2200580000015675
0.2755863948002439	4.24120528396594
0.2759922657793311	4.250604076838995
0.27639813675841834	4.208309508910249
0.27680400773750563	4.35634049666086
0.27720987871659286	4.325794419823433
0.2776157496956801	4.541966655903692
0.2780216206747674	4.3798374788434975
0.2784274916538546	4.389236271716552
0.2788333626329419	4.471475709355781
0.2792392336120291	4.584261223832438
0.27964510459111636	4.462076916482726
0.28005097557020364	4.64300367928903
0.2804568465492909	4.689997643654303
0.28086271752837816	5.000157808465109
0.2812685885074654	4.913218974389353
0.2816744594865526	5.028354187084273
0.2820803304656399	5.105894228286974
0.28248620144472714	5.14818879621572
0.28289207242381437	5.164636683743566
0.28329794340290165	5.0072069031199
0.2837038143819889	5.411354996661252
0.28410968536107617	5.521790812919646
0.2845155563401634	5.6228278363049835
0.28492142731925063	5.502993227173536
0.2853272982983379	6.036374722719391
0.28573316927742515	6.064571101338555
0.2861390402565124	6.532161046773028
0.28654491123559966	6.842321211583833
0.2869507822146869	7.610672528956056
0.2873566531937742	9.328301926506805
0.2877625241728614	8.052415793989628
0.28816839515194864	6.950407329623962
0.28857426613103593	6.6190998808487835
0.28898013711012316	6.217301485525694
0.2893860080892104	6.16325842650563
0.2897918790682977	5.98468136191759
0.2901977500473849	5.7097666703807395
0.2906036210264722	5.599330854122347
0.2910094920055594	5.559385984411865
0.29141536298464665	5.204581553454049
0.29182123396373394	5.451299866371735
0.29222710494282117	5.1505384944339845
0.29263297592190846	5.002507506683372
0.2930388469009957	5.075348151449546
0.2934447178800829	5.040102678175591
0.2938505888591702	5.030703885302537
0.29425645983825743	4.936715956571989
0.29466233081734466	4.767537684857005
0.29506820179643195	4.736991608019577
0.2954740727755192	4.666500661471666
0.29587994375460647	4.534917561248901
0.2962858147336937	4.621856395324657
0.29669168571278093	4.40098476280787
0.2970975566918682	4.640653981070766
0.29750342767095544	4.351641100224334
0.2979092986500427	4.323444721605169
0.29831516962912996	4.389236271716552
0.2987210406082172	4.344592005569543
0.2991269115873045	4.217708301783303
0.2995327825663917	4.175413733854557
0.29993865354547894	4.276450757239895
0.3003445245245662	4.245904680402468
0.30075039550365346	4.083775503342274
0.3011562664827407	4.290548946549478
0.301562137461828	4.05557912472311
0.3019680084409152	3.9991863674847816
0.3023738794200025	3.9615911959925625
0.3027797503990897	3.8840511547898613
0.30318562137817695	4.107272485524911
0.30359149235726424	3.902848740535971
0.30399736333635147	3.9380942138099257
0.30440323431543875	3.827658397551533
0.304809105294526	3.848805681515906
0.3052149762736132	3.813560208241951
0.3056208472527005	3.8981493440994432
0.30602671823178773	3.827658397551533
0.30643258921087496	3.6772777115826574
0.30683846018996225	3.7383698652575132
0.3072443311690495	3.505749741649409
0.30765020214813676	3.7853638296227867
0.308056073127224	3.764216545658414
0.3084619441063112	3.7242716759479313
0.3088678150853985	3.7219219777296675
0.30927368606448574	3.6349831436539115
0.309679557043573	3.674928013364394
0.31008542802266026	3.8088608118054235
0.3104912990017475	3.60208736859822
0.3108971699808348	3.5762406881973194
0.311303040959922	3.543344913141628
0.31170891193900924	3.491651552339827
0.3121147829180965	3.4658048719389263
0.31252065389718375	3.6114861614712743
0.31292652487627104	3.555093404232946
0.31333239585535827	3.4282097004467076
0.3137382668344455	3.4728539665937173
0.3141441378135328	3.5127988363042
0.31455000879262	3.3483199610257426
0.31495587977170725	3.5080994398676726
0.31536175075079453	3.402363020045807
0.31576762172988176	3.5903388775069014
0.31617349270896905	3.482252759466772
0.3165793636880563	3.2284853518942946
0.3169852346671435	3.331872073497897
0.3173911056462308	3.4799030612485087
0.31779697662531803	3.519847930958991
0.31820284760440526	3.4352587951014986
0.31860871858349255	3.3718169432083793
0.3190145895625798	3.242583541203877
0.31942046054166706	3.3671175467718517
0.3198263315207543	3.2026386714933945
0.3202322024998415	3.256681730513459
0.3206380734789288	3.3577187538987974
0.32104394445801604	3.1579944053463844
0.32144981543710327	3.17444229287423
0.32185568641619056	3.0781046659254194
0.3222615573952778	3.1603441035646482
0.3226674283743651	3.235534446549086
0.3230732993534523	3.251982334076932
0.32347917033253953	3.204988369711658
0.3238850413116268	3.1368471213820115
0.32429091229071405	3.087503458798474
0.32469678326980134	3.1932398786203398
0.32510265424888857	3.1603441035646482
0.3255085252279758	3.052257985524519
0.3259143962070631	3.087503458798474
0.3263202671861503	3.0734052694888923
0.32672613816523755	3.045208890869728
0.32713200914432483	3.0146628140323
0.32753788012341206	3.096902251671529
0.32794375110249935	3.0264113051236183
0.3283496220815866	3.0264113051236183
0.3287554930606738	3.0992519498897924
0.3291613640397611	3.024061606905355
0.3295672350188483	2.958270056793972
0.32997310599793556	2.737398424277186
0.33037897697702284	2.892478506682589
0.3307848479561101	2.9300736781748076
0.33119071893519736	3.007613719377509
0.3315965899142846	3.042859192651464
0.3320024608933718	3.045208890869728
0.3324083318724591	2.8078893708250963
0.33281420285154634	2.76559480289635
0.33322007383063357	2.9911658318496634
0.33362594480972085	2.9018772995556437
0.3340318157888081	2.8595827316268974
0.33443768676789537	2.8454845423173154
0.3348435577469826	3.05930708017931
0.33524942872606983	2.8713312227182155
0.3356552997051571	2.897177903119116
0.33606117068424435	2.7867420868607233
0.33646704166333163	2.758545708241559
0.33687291264241886	2.993515530067927
0.3372787836215061	2.7890917850789867
0.3376846546005934	2.904226997773907
0.3380905255796806	2.868981524499952
0.33849639655876784	2.744447518931977
0.33890226753785513	2.6974535545667035
0.33930813851694236	2.4930298095777634
0.33971400949602965	2.678655968820594
0.3401198804751169	2.619913513364002
0.3405257514542041	2.7890917850789867
0.3409316224332914	2.730349329622395
0.3413374934123786	2.89952760133738
0.34174336439146585	2.9183251870834894
0.34214923537055314	2.7773432939876685
0.34255510634964037	2.669257175947539
0.34296097732872766	2.7068523474397583
0.3433668483078149	2.7632451046780866
0.3437727192869021	2.7867420868607233
0.3441785902659894	2.7397481224954494
0.34458446124507663	2.6669074777292754
0.34499033222416386	2.890128808464325
0.34539620320325115	2.6951038563484397
0.3458020741823384	2.7209505367493403
0.34620794516142567	2.756196010023295
0.3466138161405129	2.7256499331858675
0.34701968711960013	2.7092020456580217
0.3474255580986874	2.7068523474397583
0.34783142907777465	2.681005667038858
0.34823730005686193	2.6175638151457385
0.34864317103594916	2.744447518931977
0.3490490420150364	2.537674075724773
0.3494549129941237	2.7045026492214945
0.3498607839732109	2.749146915368504
0.35026665495229814	2.610514720490947
0.3506725259313854	2.582318341871783
0.35107839691047266	2.5776189454352556
0.35148426788955994	2.530624981069982
0.3518901388686472	2.6434104955466386
0.3522960098477344	2.3966921826289527
0.3527018808268217	2.5353243775065097
0.3531077518059089	2.5165267917604
0.35351362278499615	2.598766229399629
0.35391949376408344	2.47188252561339
0.35432536474317067	2.460134034522072
0.35473123572225795	2.5165267917604
0.3551371067013452	2.5564716614708827
0.3555429776804324	2.460134034522072
0.3559488486595197	2.4930298095777634
0.35635471963860693	2.723300234967604
0.35676059061769416	2.530624981069982
0.35716646159678145	2.3661461057915245
0.3575723325758687	2.4178394665933256
0.35797820355495596	2.4272382594663804
0.3583840745340432	2.4977292060142906
0.3587899455131304	2.4389867505576985
0.3591958164922177	2.457784336303808
0.35960168747130494	2.4413364487759623
0.36000755845039223	2.5118273953238726
0.36041342942947946	2.488330413141236
0.3608193004085667	2.5118273953238726
0.361225171387654	2.5047783006690816
0.3616310423667412	2.4178394665933256
0.36203691334582844	2.6551589866379572
0.3624427843249157	2.4107903719385346
0.36284865530400295	2.4389867505576985
0.36325452628309024	2.523575886415191
0.36366039726217747	2.2839066681522957
0.3640662682412647	2.4248885612481166
0.364472139220352	2.3426491236088878
0.3648780101994392	2.5165267917604
0.36528388117852645	2.4248885612481166
0.36568975215761373	2.35674731291847
0.36609562313670097	2.460134034522072
0.36650149411578825	2.5118273953238726
0.3669073650948755	2.5118273953238726
0.3673132360739627	2.3661461057915245
0.36771910705305	2.3966921826289527
0.36812497803213723	2.333250330735833
0.36853084901122446	2.328550934299306
0.36893671999031175	2.370845502228052
0.369342590969399	2.3661461057915245
0.36974846194848626	2.4131400701567984
0.3701543329275735	2.260409685969659
0.3705602039066607	2.464833430958599
0.370966074885748	2.363796407573261
0.37137194586483524	2.246311496660077
0.3717778168439225	2.218115118040913
0.37218368782300976	2.3168024432079872
0.372589558802097	2.2956551592436143
0.3729954297811843	2.248661194878341
0.3734013007602715	2.2157654198226493
0.37380717173935873	2.2016672305130673
0.374213042718446	2.3684958040097883
0.37461891369753325	2.326201236081042
0.37502478467662054	2.3543976147002064
0.37543065565570777	2.2862563663705595
0.375836526634795	2.260409685969659
0.3762423976138823	2.3966921826289527
0.3766482685929695	2.2157654198226493
0.37705413957205675	2.290955762807087
0.37746001055114403	2.290955762807087
0.37786588153023126	2.2768575734975047
0.37827175250931855	2.2768575734975047
0.3786776234884058	2.2110660233861217
0.379083494467493	2.3402994253906244
0.3794893654465803	2.2087163251678583
0.3798952364256675	2.234563005568759
0.38030110740475476	2.24161210022355
0.38070697838384204	2.091231414254674
0.3811128493629293	2.246311496660077
0.38151872034201656	2.2228145144774403
0.3819245913211038	2.180519946548694
0.382330462300191	2.1828696447669578
0.3827363332792783	2.1617223608025844
0.38314220425836554	2.2040169287313307
0.3835480752374528	2.166421757239112
0.38395394621654005	2.1429247750564753
0.3843598171956273	2.1100290000007837
0.38476568817471457	2.105329603564256
0.3851715591538018	2.2087163251678583
0.38557743013288903	2.164072059020848
0.3859833011119763	2.1570229643660572
0.38638917209106355	2.0888817160364104
0.38679504307015083	2.248661194878341
0.38720091404923807	2.159372662584321
0.3876067850283253	2.2228145144774403
0.3880126560074126	2.24161210022355
0.3884185269864998	2.239262402005286
0.38882439796558704	2.1241271893103657
0.38923026894467433	2.1194277928738385
0.38963613992376156	2.1922684376400126
0.39004201090284885	2.1429247750564753
0.3904478818819361	2.0677344320720374
0.3908537528610233	2.10767930178252
0.3912596238401106	2.1405750768382115
0.3916654948191978	2.1241271893103657
0.39207136579828505	2.239262402005286
0.39247723677737234	2.1241271893103657
0.39288310775645957	2.1264768875286295
0.39328897873554686	2.1100290000007837
0.3936948497146341	2.0230901659250278
0.3941007206937213	2.0089919766154454
0.3945065916728086	2.0771332249450922
0.39491246265189583	2.048936846325928
0.3953183336309831	1.983145296214545
0.39572420461007035	2.0512865445441917
0.3961300755891576	2.1969678340765397
0.39653594656824487	2.0019428819606544
0.3969418175473321	2.0653847338537736
0.39734768852641933	2.0818326213816194
0.3977535595055066	2.175820550112167
0.39815943048459385	2.1405750768382115
0.39856530146368113	1.9455501247223261
0.39897117244276836	2.0230901659250278
0.3993770434218556	1.9596483140319083
0.3997829144009429	2.1194277928738385
0.4001887853800301	2.020740467706764
0.40059465635911734	2.0512865445441917
0.4010005273382046	2.0230901659250278
0.40140639831729186	2.039538053452873
0.40181226929637914	2.1358756804016843
0.4022181402754664	1.9596483140319083
0.4026240112545536	2.0630350356355103
0.4030298822336409	2.011341674833709
0.4034357532127281	2.0301392605798187
0.40384162419181535	2.079482923163356
0.40424749517090264	2.079482923163356
0.40465336614998987	1.9737465033414903
0.40505923712907715	1.9408507282857987
